201706121600	0	0.7595447208
201706121600	1	0.7601315999
201706121530	0	0.7532333982
201706121530	1	0.0000000000
201706121730	0	0.0000000000
201706121730	1	0.0000000000
201706121800	0	0.0000000000
201706121800	1	0.0000000000
201706121830	0	0.7528354334
201706121830	1	0.7531654915
201706121900	0	0.7548258886
201706121900	1	0.7564277985
201706122000	0	0.7534421091
201706122000	1	0.7535130720
201706122100	0	0.0000000000
201706122100	1	0.0000000000
201706122200	0	0.7496080951
201706122200	1	0.7495222058
201706122330	0	0.7651014204
201706122330	1	0.7652913543
201706130330	0	0.0000000000
201706130600	0	0.0000000000
201706130600	1	0.0000000000
201706130700	0	0.0000000000
201706130700	1	0.0000000000
201706130800	0	0.7647345054
201706130800	1	0.7647355934
201706130900	0	0.7635624346
201706130900	1	0.7636261216
201706131000	0	0.7621937674
201706131000	1	0.7623419260
201706131100	0	0.2899084132
201706131100	1	0.3593281582
201706131200	0	0.3640364609
201706131200	1	0.6442311391
201706131300	0	0.7504987266
201706131300	1	0.7504719920
201706131430	0	0.7520398172
201706131430	1	0.7522265794
201706131600	0	0.7559806565
201706131600	1	0.7561469702
201706131700	0	0.7495483046
201706131700	1	0.7502644153
201706131800	0	0.7565981980
201706131800	1	0.7561850348
201706131930	0	0.7530505821
201706131930	1	0.7535573980
201706132100	0	0.7442593048
201706132100	1	0.7444367748
201706132300	0	0.7601810329
201706132300	1	0.7605339563
201706140330	0	0.7512534339
201706140600	0	0.7541197963
201706140600	1	0.7544288817
201706140700	0	0.7576977896
201706140700	1	0.7580371181
201706140830	0	0.7635442173
201706140830	1	0.7635440016
201706141500	0	0.7531635987
201706141500	1	0.7534988190
201706141630	0	0.7590658878
201706141630	1	0.7594879608
201706141800	0	0.7624295779
201706141800	1	0.7626204409
201706142100	0	0.7425735806
201706142100	1	0.7430408847
201706142245	0	0.7571516681
201706142245	1	0.7574493144
201706150030	0	0.7778272950
201706150030	1	0.7781731143
201706150300	0	0.7678622114
201706150530	0	0.7499517899
201706150530	1	0.7502802922
201706150700	0	0.7579474118
201706150700	1	0.7582421794
201706150830	0	0.7622312101
201706150830	1	0.7624377563
201706151045	0	0.7610622121
201706151045	1	0.7613298761
201706151215	0	0.7570729727
201706151215	1	0.7574127249
201706151400	0	0.7526736058
201706151400	1	0.7526473143
201706151530	0	0.7532310536
201706151530	1	0.7533848672
201706151700	0	0.7558579224
201706151700	1	0.7561954221
201706152130	0	0.7416247960
201706152130	1	0.7420551575
201706152315	0	0.7632901601
201706152315	1	0.7637616778
201706160945	0	0.0000000000
201706160945	1	0.0000000000
201706161930	0	0.4585550200
201706161930	1	0.0000000000
201706162100	0	0.7466582276
201706162100	1	0.7474555858
201706162300	0	0.7606627675
201706162300	1	0.7615737323
201706170300	0	0.7695689061
201706170300	1	0.7704024644
201706170500	0	0.7453033766
201706170500	1	0.7467578254
201706170700	0	0.7516973693
201706170700	1	0.7521903067
201706170830	0	0.7578510802
201706170830	1	0.7589497001
201706171000	0	0.7596580408
201706171000	1	0.7598281611
201706171130	0	0.7574305730
201706171130	1	0.7577138572
201706171300	0	0.7501114998
201706171300	1	0.7505386611
201706171430	0	0.7538077739
201706171430	1	0.7539253929
201706171600	0	0.7571606446
201706171600	1	0.7575976197
201706171730	0	0.7548012537
201706171730	1	0.7549677666
201706171900	0	0.7557050267
201706171900	1	0.7560230897
201706172030	0	0.7463003421
201706172030	1	0.7469870060
201706172200	0	0.7524376156
201706172200	1	0.7525486778
201706180000	0	0.7749191159
201706180000	1	0.7750831269
201706180300	0	0.7756238983
201706180300	1	0.7763436367
201706180500	0	0.7480923293
201706180500	1	0.7484511577
201706180700	0	0.7524918133
201706180700	1	0.7525230176
201706180830	0	0.7540297407
201706180830	1	0.7542638509
201706181000	0	0.7560966758
201706181000	1	0.7565991837
201706181130	0	0.7536580879
201706181130	1	0.7538845808
201706181300	0	0.7477124587
201706181300	1	0.7476800809
201706181430	0	0.7500825020
201706181430	1	0.7502218076
201706181600	0	0.7536537082
201706181600	1	0.7534911379
201706181730	0	0.7576329394
201706181730	1	0.7578893098
201706181900	0	0.7472306241
201706181900	1	0.7477444373
201706182030	0	0.7425320609
201706182030	1	0.7446567647
201706182200	0	0.7466948849
201706182200	1	0.7498830330
201706190000	0	0.7761146473
201706190000	1	0.7755024604
201706190300	0	0.7697877855
201706190300	1	0.7704715438
201706190500	0	0.7358639833
201706190500	1	0.7357209957
201706190700	0	0.7469585016
201706190700	1	0.7475889100
201706190830	0	0.7543475953
201706190830	1	0.7547819531
201706191000	0	0.7491831623
201706191000	1	0.7511714738
201706191130	0	0.7548105942
201706191130	1	0.7549527782
201706191300	0	0.7488466983
201706191300	1	0.7486542900
201706191430	0	0.7404969071
201706191430	1	0.7408644244
201706191600	0	0.7495464524
201706191600	1	0.7498429365
201706191730	0	0.7567689384
201706191730	1	0.7571173890
201706191900	0	0.7495905219
201706191900	1	0.7494418101
201706192030	0	0.7428323872
201706192030	1	0.7463900179
201706192200	0	0.7501812263
201706192200	1	0.7503150369
201706200000	0	0.7701522557
201706200000	1	0.7699969230
201706200300	0	0.7669937848
201706200300	1	0.7671959578
201706200500	0	0.7464061852
201706200500	1	0.7468480025
201706200730	0	0.7529432439
201706200730	1	0.7533418382
201706200900	0	0.7589907807
201706200900	1	0.7591457040
201706201030	0	0.7545715762
201706201030	1	0.7545876723
201706201200	0	0.7515483048
201706201200	1	0.7518230354
201706201330	0	0.7458281765
201706201330	1	0.7460213919
201706201500	0	0.7473430985
201706201500	1	0.7487754965
201706201630	0	0.7557364051
201706201630	1	0.7560349421
201706201800	0	0.7598643182
201706201800	1	0.7601570474
201706201930	0	0.7526660736
201706201930	1	0.0000000000
201706202100	0	0.7456574440
201706202100	1	0.7461572407
201706202300	0	0.7576743182
201706202300	1	0.7576176598
201706210500	0	0.7411892743
201706210500	1	0.7424887432
201706210630	0	0.7520928824
201706210630	1	0.7523578613
201706210800	0	0.7599299861
201706210800	1	0.7599954079
201706210930	0	0.7616015603
201706210930	1	0.7617113975
201706211100	0	0.7565924995
201706211100	1	0.7568008482
201706211230	0	0.7541343904
201706211230	1	0.7554453022
201706211400	0	0.7497279143
201706211400	1	0.7500317204
201706211530	0	0.7546181607
201706211530	1	0.7549827640
201706211700	0	0.7551550051
201706211700	1	0.7552624261
201706211830	0	0.7536482782
201706211830	1	0.7539778288
201706212000	0	0.7472567607
201706212000	1	0.7484545242
201706212130	0	0.7428589134
201706212130	1	0.7433702745
201706212330	0	0.7601791046
201706212330	1	0.7611489245
201706220500	0	0.7403039752
201706220500	1	0.7405848592
201706220800	0	0.7548777094
201706220800	1	0.7551194904
201706221000	0	0.7575784641
201706221000	1	0.7577836814
201706221300	0	0.7457472634
201706221300	1	0.7459527460
201706221700	0	0.7507352375
201706221700	1	0.7508589744
201706222100	1	0.7394484347
201706222100	2	0.7398427723
201706271145	1	0.7423959639
201706271145	2	0.7425726046
201706271500	1	0.7481662254
201706271500	2	0.7491102714
201706271900	1	0.7563568645
201706271900	2	0.7568445778
201706272300	1	0.7600973695
201706272300	2	0.7607498957
201706280300	1	0.7641658528
201706280300	2	0.7646066170
201706280500	1	0.7368709818
201706280500	2	0.7375250391
201706280700	1	0.7569839195
201706280700	2	0.7571537454
201706281700	1	0.7483827147
201706281700	2	0.7485510104
201706291100	1	0.7557446297
201706291100	2	0.7559891590
201706291500	1	0.7500245675
201706291500	2	0.7499916721
201706291900	1	0.7510031983
201706291900	2	0.7516891935
201706292100	1	0.7495370878
201706292100	2	0.7497354312
201706300100	1	0.7732745435
201706300100	2	0.7739452385
201706300500	1	0.7488463343
201706300500	2	0.7500961522
201706300900	1	0.7626921405
201706300900	2	0.7627239456
201706301300	1	0.7519356696
201706301300	2	0.7517722726
201706301700	1	0.7435741633
201706301700	2	0.7442524239
201706302100	1	0.0000000000
201706302100	2	0.0000000000
201707010100	1	0.0000000000
201707010100	2	0.0000000000
201707010500	1	0.0000000000
201707010500	2	0.0000000000
201707010700	1	0.0000000000
201707010700	2	0.0000000000
201707011100	1	0.0000000000
201707011100	2	0.0000000000
201707011500	1	0.0000000000
201707011500	2	0.0000000000
201707011900	1	0.0000000000
201707011900	2	0.0000000000
201707020500	1	0.0000000000
201707020500	2	0.0000000000
201707022100	1	0.0000000000
201707022100	2	0.0000000000
201707030100	1	0.0000000000
201707030100	2	0.0000000000
201707030500	1	0.0000000000
201707030500	2	0.0000000000
201707030900	1	0.0000000000
201707030900	2	0.0000000000
201707031300	1	0.7531395611
201707031300	2	0.5127437699
201707041100	0	0.7542739784
201707041300	0	0.7548318522
201707041300	1	0.7553082153
201707041500	0	0.7554735636
201707041500	1	0.7567226254
201707041700	0	0.7615879227
201707041700	1	0.7637875748
201707041900	0	0.7585021580
201707041900	1	0.7586376934
201707042100	0	0.7440734765
201707042100	1	0.7443610388
201707042300	0	0.7683962164
201707042300	1	0.7688456668
201707050100	0	0.0000000000
201707050100	1	0.0000000000
201707050300	0	0.0000000000
201707050300	1	0.0000000000
201707050700	0	0.7643589489
201707050700	1	0.7645078955
201707050900	0	0.7670552495
201707050900	1	0.7672088815
201707051100	0	0.7620591693
201707051100	1	0.7620772623
201707051300	0	0.7548302760
201707051300	1	0.7549244342
201707051500	0	0.7513292582
201707051500	1	0.7516495582
201707051700	0	0.0000000000
201707051700	1	0.0000000000
201707051900	0	0.7576681735
201707051900	1	0.7585557457
201707052100	0	0.7472235488
201707052100	1	0.7475996029
201707052300	0	0.7564277094
201707052300	1	0.7561706576
201707060100	0	0.7753931727
201707060100	1	0.7756281024
201707060300	0	0.7733983708
201707060300	1	0.7725681785
201707060700	0	0.7541252468
201707060700	1	0.7543104943
201707060900	0	0.7611584198
201707060900	1	0.7612295185
201707062300	0	0.7569130340
201707062300	1	0.7567722662
201707070100	0	0.7799438197
201707070100	1	0.7800055378
201707070500	0	0.7422921979
201707070500	1	0.7421392030
201707070700	0	0.7561299307
201707070700	1	0.7563611034
201707070900	0	0.7612383697
201707070900	1	0.7614893401
201707071100	0	0.7460943856
201707071100	1	0.7452595003
201707071300	0	0.7497519072
201707071300	1	0.7492234619
201707071500	0	0.7496526993
201707071500	1	0.7503786692
201707071700	0	0.7558158704
201707071700	1	0.7559569202
201707071900	0	0.7562732513
201707071900	1	0.7565059225
201707072100	0	0.7457156886
201707072100	1	0.7464517006
201707072300	0	0.7584039578
201707072300	1	0.7583938908
201707080100	0	0.7754088851
201707080100	1	0.7763997909
201707080500	0	0.7491797005
201707080500	1	0.7494672020
201707080700	0	0.7575425606
201707080700	1	0.7576774514
201707080900	0	0.7629882471
201707080900	1	0.7632253548
201707081100	0	0.7537859514
201707081100	1	0.7535695857
201707081300	0	0.7503497842
201707081300	1	0.7505531419
201707081500	0	0.7485120071
201707081500	1	0.7491016074
201707081700	0	0.7487759099
201707081700	1	0.7491339076
201707081900	0	0.7573604651
201707081900	1	0.7576644049
201707082100	0	0.7338977262
201707082100	1	0.7329782021
201707082300	0	0.7617040684
201707082300	1	0.7623716744
201707090100	0	0.7742383595
201707090100	1	0.7740778716
201707090300	0	0.7737292399
201707090300	1	0.7739352488
201707090500	0	0.7518015914
201707090500	1	0.7519833034
201707090700	0	0.7567415556
201707090700	1	0.7568134370
201707090900	0	0.7653204277
201707090900	1	0.7653314515
201707091100	0	0.7594029610
201707091100	1	0.7594578160
201707091300	0	0.7479892011
201707091300	1	0.7481783793
201707091500	0	0.7514293907
201707091500	1	0.7515971073
201707091700	0	0.7419343109
201707091700	1	0.7430012741
201707091900	0	0.7518450234
201707091900	1	0.7530524139
201707092100	0	0.7505827375
201707092100	1	0.7506763497
201707092300	0	0.7624609873
201707092300	1	0.7630188935
201707100100	0	0.7805591154
201707100100	1	0.7807644327
201707100300	0	0.7777233665
201707100300	1	0.7776793404
201707100500	0	0.7531347310
201707100500	1	0.7532077142
201707100700	0	0.7601069334
201707100700	1	0.7601457203
201707100900	0	0.7653316745
201707100900	1	0.7653157250
201707101100	0	0.7548091490
201707101100	1	0.7547108041
201707101300	0	0.0000000000
201707101300	1	0.0000000000
201707101500	0	0.7472102686
201707101500	1	0.7464025904
201707101700	0	0.7565816702
201707101700	1	0.7570625741
201707101900	0	0.7650108648
201707101900	1	0.7651714611
201707102100	0	0.7469062584
201707102100	1	0.7464532575
201707102300	0	0.7568992676
201707102300	1	0.7568538438
201707110100	0	0.7778493038
201707110100	1	0.7783473762
201707110500	0	0.7513199101
201707110500	1	0.7516922065
201707110700	0	0.7621883319
201707110700	1	0.7620816556
201707110900	0	0.7661341434
201707110900	1	0.7661371547
201707111100	0	0.7516074862
201707111100	1	0.7509355968
201707111300	0	0.7524363008
201707111300	1	0.7534573818
201707111500	0	0.7505303322
201707111500	1	0.7519284414
201707111700	0	0.7592879524
201707111700	1	0.7592692804
201707111900	0	0.7609452707
201707111900	1	0.7610453925
201707112100	0	0.7471015505
201707112100	1	0.7468323506
201707112300	0	0.7604746819
201707112300	1	0.7608822985
201707120100	0	0.7696343925
201707120100	1	0.7696465366
201707120300	0	0.7685641522
201707120300	1	0.7701216682
201707120500	0	0.7517207168
201707120500	1	0.7524569556
201707120700	0	0.7609963217
201707120700	1	0.7618640847
201707120900	0	0.7695258168
201707120900	1	0.7696348292
201707121100	0	0.7515980757
201707121100	1	0.7514356745
201707121300	0	0.7490485865
201707121300	1	0.7506330129
201707121500	0	0.7562059166
201707121500	1	0.7570198832
201707121700	0	0.7560519936
201707121700	1	0.7564249154
201707121900	0	0.7537361104
201707121900	1	0.7536777116
201707122100	0	0.7365700002
201707122100	1	0.7379965866
201707122300	0	0.7650439989
201707122300	1	0.7653058472
201707130100	0	0.7676222210
201707130100	1	0.7682806623
201707130300	0	0.7710322217
201707130300	1	0.7723106891
201707130500	0	0.7520412471
201707130500	1	0.7521675036
201707130700	0	0.7676755500
201707130700	1	0.7678680923
201707130900	0	0.7720274492
201707130900	1	0.7721140638
201707131100	0	0.7577673448
201707131100	1	0.7581635420
201707131300	0	0.7498362734
201707131300	1	0.7514407490
201707131500	0	0.0000000000
201707131500	1	0.0000000000
201707131700	0	0.7485819379
201707131700	1	0.7491090703
201707131900	0	0.7211488661
201707131900	1	0.7225101312
201707132100	0	0.7465586865
201707132100	1	0.7480564096
201707132300	0	0.7604688856
201707132300	1	0.7606503243
201707140100	0	0.7743738089
201707140100	1	0.7739740215
201707140300	0	0.7698331908
201707140300	1	0.7702218488
201707140500	0	0.7538755207
201707140500	1	0.7544073217
201707140700	0	0.7589233651
201707140700	1	0.7591050247
201707140900	0	0.7646403668
201707140900	1	0.7646234867
201707141100	0	0.7590384061
201707141100	1	0.7592797220
201707141300	0	0.7514720625
201707141300	1	0.7519110455
201707141500	0	0.7580325092
201707141500	1	0.7585448169
201707141700	0	0.7631462294
201707141700	1	0.7632175038
201707141900	0	0.7599715257
201707141900	1	0.7607261922
201707142100	0	0.7363893855
201707142100	1	0.7357025332
201707142300	0	0.7606124543
201707142300	1	0.7608573381
201707150100	0	0.7585280432
201707150100	1	0.7586513482
201707150300	0	0.7433772025
201707150300	1	0.7408708424
201707150500	0	0.7363809622
201707150500	1	0.7388990999
201707150700	0	0.7563101726
201707150700	1	0.7567773570
201707150900	0	0.7585536754
201707150900	1	0.7587540624
201707151100	0	0.7491443196
201707151100	1	0.7490913187
201707151300	0	0.7455081557
201707151300	1	0.7461678018
201707151500	0	0.7433720851
201707151500	1	0.7443117492
201707151700	0	0.7408199064
201707151700	1	0.7398427544
201707151900	0	0.7456184769
201707151900	1	0.7471143534
201707152100	0	0.7419285008
201707152100	1	0.7418131590
201707152300	0	0.7576953153
201707152300	1	0.7578017963
201707160100	0	0.7717859161
201707160100	1	0.7724493793
201707160300	0	0.7380626894
201707160300	1	0.7356173025
201707160500	0	0.7450922325
201707160500	1	0.7458892608
201707160700	0	0.7523291280
201707160700	1	0.7519802202
201707160900	0	0.7577097030
201707160900	1	0.7579850186
201707161100	0	0.7520272597
201707161100	1	0.7521097302
201707161300	0	0.7454569573
201707161300	1	0.7469356151
201707161500	0	0.7472547711
201707161500	1	0.7474685284
201707161700	0	0.7204134342
201707161700	1	0.7218956120
201707161900	0	0.7549345813
201707161900	1	0.7551423606
201707162100	0	0.7461886480
201707162100	1	0.7463159904
201707162300	0	0.7603618339
201707162300	1	0.7608923763
201707170100	0	0.7796345967
201707170100	1	0.7797595942
201707170300	0	0.7780292191
201707170300	1	0.7779211125
201707170500	0	0.7504482495
201707170500	1	0.7504093928
201707170700	0	0.7579452089
201707170700	1	0.7582273483
201707170900	0	0.7647867414
201707170900	1	0.7649092175
201707171100	0	0.7554621338
201707171100	1	0.7556806953
201707171300	0	0.7461252151
201707171300	1	0.7465080130
201707171500	0	0.0000000000
201707171500	1	0.0000000000
201707171700	0	0.7520142915
201707171700	1	0.7521772390
201707171900	0	0.7485784593
201707171900	1	0.7489747234
201707172100	0	0.7405474529
201707172100	1	0.7402164276
201707172300	0	0.7567606601
201707172300	1	0.7565159293
201707180100	0	0.7760812506
201707180100	1	0.7771681692
201707180300	0	0.7723321129
201707180300	1	0.7728520376
201707180500	0	0.7500823483
201707180500	1	0.7507994154
201707180700	0	0.7543274026
201707180700	1	0.7543099785
201707180900	0	0.7610212653
201707180900	1	0.7610455478
201707181100	0	0.7542066633
201707181100	1	0.7541658067
201707181300	0	0.7479909554
201707181300	1	0.7483464248
201707181500	0	0.7462661532
201707181500	1	0.7464337330
201707181700	0	0.7537934534
201707181700	1	0.7545242825
201707181900	0	0.7399865377
201707181900	1	0.7413280045
201707182200	0	0.7342533365
201707182200	1	0.7336522032
201707190100	0	0.0000000000
201707190100	1	0.0000000000
201707190400	0	0.0000000000
201707190400	1	0.0000000000
201707190700	0	0.0000000000
201707190700	1	0.0000000000
201707191000	0	0.0000000000
201707191000	1	0.0000000000
201707191300	0	0.7493698950
201707191300	1	0.7489836209
201707191600	0	0.7491398432
201707191600	1	0.7508910331
201707191900	0	0.7547030499
201707191900	1	0.7550278798
201707192200	0	0.7509280767
201707192200	1	0.7489970042
201707200100	0	0.7469203905
201707200100	1	0.7449182385
201707200400	0	0.7643141798
201707200400	1	0.7713536992
201707200700	0	0.7591313295
201707200700	1	0.7592643034
201707201000	0	0.7618211490
201707201000	1	0.7617542409
201707201300	0	0.7451839308
201707201300	1	0.7455537128
201707201600	0	0.7529091595
201707201600	1	0.7549179356
201707201900	0	0.7516403148
201707201900	1	0.7509967454
201707202200	0	0.7551959836
201707202200	1	0.7557639640
201707210100	0	0.7722625855
201707210100	1	0.7721757172
201707210400	0	0.7615307010
201707210400	1	0.7621122250
201707210700	0	0.7631824424
201707210700	1	0.7631731943
201707211000	0	0.7625336850
201707211000	1	0.7624708047
201707211300	0	0.7462432864
201707211300	1	0.7468375335
201707211600	1	0.7578422279
201707211600	2	0.7580471462
201707211900	1	0.7458190690
201707211900	2	0.7456418730
201707212200	1	0.7314767554
201707212200	2	0.7295315777
201707220100	1	0.7684647970
201707220100	2	0.7684260335
201707220400	1	0.7576632997
201707220400	2	0.7582889206
201707220700	1	0.7571415391
201707220700	2	0.7572093296
201707221000	1	0.7551062234
201707221000	2	0.7549536057
201707221300	1	0.7356805719
201707221300	2	0.7358589059
201707221600	1	0.7517112053
201707221600	2	0.7521926335
201707221900	1	0.7468614117
201707221900	2	0.7475536172
201707222200	1	0.7462642687
201707222200	2	0.7465383335
201707230400	1	0.7600377382
201707230400	2	0.7604372744
201707231000	1	0.7617033211
201707231000	2	0.7620773126
201707231300	1	0.7498539812
201707231300	2	0.7496570337
201707231600	1	0.7492978972
201707231600	2	0.7497874495
201707231900	1	0.7412781583
201707231900	2	0.7415732605
201707232200	1	0.7458170599
201707232200	2	0.7455291044
201707240100	1	0.7721823612
201707240100	2	0.7724657415
201707240400	1	0.7662196602
201707240400	2	0.7666081738
201707240700	1	0.7616580128
201707240700	2	0.7615774289
201707241000	1	0.7586298009
201707241000	2	0.7580659650
201707241300	0	0.7469670025
201707241300	1	0.7475502822
201707241600	0	0.7464798200
201707241600	1	0.7474108568
201707241900	0	0.7518905075
201707241900	1	0.7526512946
201707242200	0	0.7446324926
201707242200	1	0.7447690041
201707250100	0	0.7684628316
201707250100	1	0.7694096582
201707250400	0	0.7594458333
201707250400	1	0.7599241876
201707250700	0	0.7608334046
201707250700	1	0.7607087714
201707251000	0	0.7586168814
201707251000	1	0.7587279212
201707251300	0	0.7475604840
201707251300	1	0.7477035372
201707251600	0	0.7480426726
201707251600	1	0.7497965253
201707251900	0	0.7437852536
201707251900	1	0.7449805057
201707252200	0	0.7290925107
201707252200	1	0.7327833025
201707260100	0	0.7715573642
201707260100	1	0.7723297249
201707260400	0	0.7587446109
201707260400	1	0.7596925968
201707260700	0	0.7585912136
201707260700	1	0.7594285309
201707261000	0	0.7645630232
201707261000	1	0.7650087637
201707261300	0	0.7526341476
201707261300	1	0.7536236365
201707261600	0	0.7521038256
201707261600	1	0.7532243565
201707261900	0	0.7437387322
201707261900	1	0.7444676489
201707262200	0	0.7381875133
201707262200	1	0.7361741991
201707270100	0	0.7610520426
201707270100	1	0.7631115930
201707270400	0	0.7637005215
201707270400	1	0.7642050843
201707270700	0	0.7607132466
201707270700	1	0.7609892656
201707271000	0	0.7592300702
201707271000	1	0.7597818801
201707271300	0	0.7520551313
201707271300	1	0.7518690074
201707271600	0	0.7538563808
201707271600	1	0.7547803932
201707271900	0	0.7566240730
201707271900	1	0.7572330365
201707272200	0	0.7549965800
201707272200	1	0.7547001516
201707280100	0	0.7768564416
201707280100	1	0.7775713683
201707280400	0	0.7610615886
201707280400	1	0.7611639226
201707280700	0	0.7605117367
201707280700	1	0.7608808156
201707281000	0	0.7598256557
201707281000	1	0.7597956151
201707281300	0	0.7566788721
201707281300	1	0.7567846661
201707281600	0	0.7559881040
201707281600	1	0.7561212467
201707281900	0	0.7490414023
201707281900	1	0.7503464373
201707282200	0	0.7411088811
201707282200	1	0.7419118359
201707290100	0	0.7793023746
201707290100	1	0.7800910011
201707290400	0	0.7650381476
201707290400	1	0.7649340828
201707290700	0	0.7557864330
201707290700	1	0.7564570895
201707291000	0	0.7695016485
201707291000	1	0.7699984249
201707291300	0	0.7591275347
201707291300	1	0.7595933173
201707291600	0	0.7616891472
201707291600	1	0.7617132842
201707291900	0	0.7563915860
201707291900	1	0.7562992171
201707292200	0	0.7483945055
201707292200	1	0.7494337600
201707300100	0	0.7720865978
201707300100	1	0.7730639181
201707300400	0	0.7659519916
201707300400	1	0.7662931215
201707300700	0	0.7548247346
201707300700	1	0.7549450045
201707301000	0	0.7627044512
201707301000	1	0.7628529704
201707301300	0	0.7515992353
201707301300	1	0.7516957126
201707301600	0	0.7474502975
201707301600	1	0.7473135715
201707301900	0	0.7470017837
201707301900	1	0.7470297139
201707302200	0	0.7516540192
201707302200	1	0.7521011859
201707310100	0	0.7790592090
201707310100	1	0.7792059956
201707310400	0	0.7620955174
201707310400	1	0.7625132332
201707310700	0	0.7562473749
201707310700	1	0.7563564330
201707311000	0	0.7649719395
201707311000	1	0.7654293513
201707311300	0	0.7570860774
201707311300	1	0.7572241720
201707311600	0	0.7515929251
201707311600	1	0.7522575272
201707311900	0	0.7585959640
201707311900	1	0.7589606644
201707312200	0	0.7364620738
201707312200	1	0.7380559407
201708010100	0	0.7628724895
201708010100	1	0.7638042952
201708010400	0	0.7642039182
201708010400	1	0.7649017228
201708010700	0	0.7586789639
201708010700	1	0.7592048953
201708011000	0	0.7578351784
201708011000	1	0.7585859596
201708011300	0	0.7479780842
201708011300	1	0.7493999383
201708011600	0	0.0000000000
201708011600	1	0.0000000000
201708011900	0	0.7367454050
201708011900	1	0.7373454380
201708012200	0	0.7352660275
201708012200	1	0.7354385029
201708020100	0	0.7737920066
201708020100	1	0.7750330647
201708020400	0	0.7574597810
201708020400	1	0.7577934101
201708020700	0	0.7543748494
201708020700	1	0.7548633711
201708021000	0	0.7613961208
201708021000	1	0.7616945973
201708021300	0	0.7398222879
201708021300	1	0.7401525547
201708021600	0	0.7429236209
201708021600	1	0.7435195431
201708021900	0	0.7381595127
201708021900	1	0.7376907681
201708022200	0	0.7508887847
201708022200	1	0.7510518203
201708030100	0	0.7655852405
201708030100	1	0.7674623897
201708030400	0	0.7580632161
201708030400	1	0.7581183516
201708030700	0	0.7521520550
201708030700	1	0.7521982399
201708031000	0	0.7564956322
201708031000	1	0.7567518785
201708031300	0	0.7473073439
201708031300	1	0.7472753528
201708031600	0	0.7486867683
201708031600	1	0.7489088068
201708031900	0	0.7497100360
201708031900	1	0.7484919259
201708032200	0	0.7304484991
201708032200	1	0.7304165211
201708040100	0	0.7741175511
201708040100	1	0.7748391939
201708040400	0	0.7606710721
201708040400	1	0.7605006386
201708040700	0	0.7569803243
201708040700	1	0.7571311071
201708041000	0	0.7563172308
201708041000	1	0.7563918869
201708041300	0	0.7505412802
201708041300	1	0.7504232226
201708041600	0	0.7344409733
201708041600	1	0.7357970531
201708041900	0	0.7570722114
201708041900	1	0.7569526046
201708042200	0	0.7352045829
201708042200	1	0.7366873750
201708050100	0	0.7668654800
201708050100	1	0.7679822903
201708050400	0	0.7586670256
201708050400	1	0.7595427810
201708050700	0	0.7530140721
201708050700	1	0.7533739867
201708051000	0	0.7576706175
201708051000	1	0.7576823564
201708051300	0	0.7463246330
201708051300	1	0.7459007020
201708051600	0	0.7480743345
201708051600	1	0.7487527432
201708051900	0	0.7467315853
201708051900	1	0.7461899718
201708052200	0	0.7379518572
201708052200	1	0.7399475222
201708060100	0	0.7703986721
201708060100	1	0.7714253391
201708060400	0	0.7614786518
201708060400	1	0.7603798343
201708060700	0	0.7548789426
201708060700	1	0.7547309115
201708061000	0	0.7593285237
201708061000	1	0.7592929598
201708061300	0	0.7474586340
201708061300	1	0.7480222100
201708061600	0	0.7523444632
201708061600	1	0.7524829523
201708061900	0	0.7551336469
201708061900	1	0.7543627987
201708062200	0	0.7535905568
201708062200	1	0.7542291783
201708070100	0	0.7756363422
201708070100	1	0.7759526123
201708070400	0	0.7697662563
201708070400	1	0.7706897250
201708070700	0	0.7593234371
201708070700	1	0.7595260454
201708071000	0	0.7592984004
201708071000	1	0.7594155035
201708071300	0	0.7519843234
201708071300	1	0.7521636150
201708071600	0	0.7472569238
201708071600	1	0.7460678720
201708071900	0	0.7593516642
201708071900	1	0.7602168117
201708072200	0	0.7448923563
201708072200	1	0.7443562362
201708080100	0	0.7770674607
201708080100	1	0.7777823638
201708080400	0	0.7678134560
201708080400	1	0.7686514565
201708080700	0	0.7590784492
201708080700	1	0.7600336711
201708081000	0	0.7611567074
201708081000	1	0.7613059107
201708081300	0	0.7548602651
201708081300	1	0.7548095272
201708081600	0	0.7453808750
201708081600	1	0.7458516034
201708081900	0	0.7599273903
201708081900	1	0.7596952957
201708082200	0	0.7526311673
201708082200	1	0.7514152009
201708090100	0	0.7801668699
201708090100	1	0.7806943535
201708090400	0	0.7684896102
201708090400	1	0.7687575199
201708090700	0	0.7605084808
201708090700	1	0.7605274469
201708091000	0	0.7612573444
201708091000	1	0.7616947231
201708091300	0	0.7549267164
201708091300	1	0.7552820584
201708091600	0	0.7490477485
201708091600	1	0.7500844368
201708091900	0	0.7599037918
201708091900	1	0.7600348569
201708092200	0	0.7521842484
201708092200	1	0.7523804147
201708100100	0	0.7795080047
201708100100	1	0.7802027023
201708100400	0	0.7649020864
201708100400	1	0.7652169111
201708100700	0	0.7587756493
201708100700	1	0.7587143566
201708101000	0	0.7615741114
201708101000	1	0.7618362830
201708101300	0	0.7488267618
201708101300	1	0.7490314971
201708101600	0	0.7498441891
201708101600	1	0.7501078557
201708101900	0	0.7558363726
201708101900	1	0.7559123040
201708102200	0	0.7496785175
201708102200	1	0.7495018203
201708110100	0	0.7753790315
201708110100	1	0.7760884173
201708110400	0	0.7673586421
201708110400	1	0.7673366072
201708110700	0	0.7571440127
201708110700	1	0.7573433937
201708111000	0	0.7587909430
201708111000	1	0.7588864193
201708111300	0	0.0000000000
201708111300	1	0.0000000000
201708111900	0	0.6021383226
201708111900	1	0.4499504897
201708112200	0	0.7473957980
201708112200	1	0.7470567011
201708120100	0	0.7716326388
201708120100	1	0.7729348488
201708120400	0	0.7586386531
201708120400	1	0.7593746530
201708120700	0	0.7545237386
201708120700	1	0.7548212952
201708121000	0	0.7564832784
201708121000	1	0.7568206057
201708121300	0	0.7511836301
201708121300	1	0.7515496841
201708121600	0	0.7405572899
201708121600	1	0.7420824696
201708121900	0	0.7564998903
201708121900	1	0.7565242642
201708122200	0	0.7508420471
201708122200	1	0.7510786331
201708130100	0	0.7781453087
201708130100	1	0.7790180733
201708130400	0	0.7671457563
201708130400	1	0.7676567648
201708130700	0	0.7563861293
201708130700	1	0.7564684142
201708131000	0	0.7649002603
201708131000	1	0.7650909429
201708131300	0	0.7553254884
201708131300	1	0.7554010254
201708131600	0	0.7518211818
201708131600	1	0.7514724370
201708131900	0	0.7493449594
201708131900	1	0.7487919100
201708132200	0	0.7575367784
201708132200	1	0.7577101117
201708140100	0	0.7801523219
201708140100	1	0.7803082727
201708140400	0	0.7681655531
201708140400	1	0.7680335118
201708140700	0	0.7637084050
201708140700	1	0.7640054328
201708141000	0	0.7655247550
201708141000	1	0.7656822106
201708141300	0	0.7563686604
201708141300	1	0.7565587689
201708141600	0	0.7528430052
201708141600	1	0.7527672281
201708141900	0	0.7490957265
201708141900	1	0.7488930781
201708142200	0	0.7497858508
201708142200	1	0.7502128831
201708150100	0	0.7795115830
201708150100	1	0.7803162766
201708150400	0	0.7619430515
201708150400	1	0.7612817169
201708150700	0	0.7629284706
201708150700	1	0.7632042674
201708151000	0	0.7645954472
201708151000	1	0.7646470888
201708151300	0	0.7595946970
201708151300	1	0.7596636327
201708151600	0	0.7596404658
201708151600	1	0.7598097279
201708151900	0	0.7543026623
201708151900	1	0.7537484975
201708152200	0	0.7428372121
201708152200	1	0.7423293630
201708160100	0	0.7759006486
201708160100	1	0.7774387644
201708160400	0	0.7433602169
201708160400	1	0.7407191527
201708160700	0	0.7622109082
201708160700	1	0.7632368157
201708161000	0	0.7662793699
201708161000	1	0.7665112499
201708161300	0	0.7478733245
201708161300	1	0.7497949076
201708161600	0	0.7543329112
201708161600	1	0.7548333745
201708161900	0	0.7576356618
201708161900	1	0.7573577708
201708162200	0	0.7382106672
201708162200	1	0.7367528772
201708170100	0	0.7653088889
201708170100	1	0.7649804277
201708170400	0	0.7440791473
201708170400	1	0.7446791758
201708170700	0	0.7611306225
201708170700	1	0.7608422282
201708171000	0	0.7608636315
201708171000	1	0.7618397030
201708171300	0	0.7552620050
201708171300	1	0.7546020883
201708171600	0	0.7498851327
201708171600	1	0.7500624843
201708171900	0	0.7549417044
201708171900	1	0.7559661805
201708172200	0	0.7535857648
201708172200	1	0.7539936363
201708180100	0	0.0000000000
201708180100	1	0.0000000000
201708180400	0	0.0000000000
201708180400	1	0.0000000000
201708180700	0	0.0000000000
201708180700	1	0.0000000000
201708181000	0	0.7654741733
201708181000	1	0.7655043413
201708181300	0	0.7568294470
201708181300	1	0.7572646564
201708181600	0	0.7530075770
201708181600	1	0.7522820428
201708181900	0	0.7541977386
201708181900	1	0.7548200847
201708182200	0	0.7523595708
201708182200	1	0.7524525395
201708190100	0	0.7756303204
201708190100	1	0.7757485276
201708190400	0	0.7645004136
201708190400	1	0.7644724732
201708190700	0	0.7564311922
201708190700	1	0.7567759961
201708191000	0	0.7659304156
201708191000	1	0.7658551144
201708191300	0	0.7531110008
201708191300	1	0.7527112206
201708191600	0	0.7478238224
201708191600	1	0.7480119083
201708191900	0	0.7536149762
201708191900	1	0.7536855497
201708192200	0	0.7528130919
201708192200	1	0.7528457616
201708200100	0	0.7744565779
201708200100	1	0.7754201476
201708200400	0	0.7682851287
201708200400	1	0.7680120836
201708200700	0	0.7596286764
201708200700	1	0.7599006574
201708201000	0	0.7656696376
201708201000	1	0.7657004641
201708201300	0	0.7566115046
201708201300	1	0.7571084115
201708201600	0	0.7558870011
201708201600	1	0.7561049913
201708201900	0	0.7577329896
201708201900	1	0.7579949017
201708202200	0	0.7532960599
201708202200	1	0.7532593803
201708210100	0	0.7776770585
201708210100	1	0.7783348502
201708210400	0	0.7670012844
201708210400	1	0.7670247432
201708210700	0	0.7596634912
201708210700	1	0.7599093624
201708211000	0	0.5494037985
201708211000	1	0.4753265843
201708211300	0	0.7538727626
201708211300	1	0.7541914870
201708211630	0	0.7454429566
201708211630	1	0.7449189744
201708211900	0	0.7583993423
201708211900	1	0.7591526560
201708212200	0	0.7495284762
201708212200	1	0.7500813198
201708220100	0	0.7791949905
201708220100	1	0.7800908889
201708220400	0	0.7618624623
201708220400	1	0.7623046367
201708220700	0	0.7589990054
201708220700	1	0.7592098700
201708221000	0	0.7625892947
201708221000	1	0.7628072980
201708221300	0	0.7586742997
201708221300	1	0.7589256830
201708221600	0	0.7501273569
201708221600	1	0.7509676940
201708221900	0	0.7508743194
201708221900	1	0.7513432627
201708222200	0	0.7482611124
201708222200	1	0.7486733525
201708230100	0	0.7787695676
201708230100	1	0.7791969570
201708230400	0	0.7656025877
201708230400	1	0.7659766210
201708230700	0	0.7597973913
201708230700	1	0.7598278354
201708231000	0	0.7610702196
201708231000	1	0.7610589208
201708231300	0	0.7554136230
201708231300	1	0.7556281695
201708231600	0	0.7483842391
201708231600	1	0.7486001468
201708231900	0	0.7570908234
201708231900	1	0.7567160993
201708232200	0	0.7489480514
201708232200	1	0.7482940574
201708240400	0	0.7620149664
201708240400	1	0.7630314417
201708241000	0	0.7635100338
201708241000	1	0.7637871837
201708241300	0	0.7562144015
201708241300	1	0.7564925886
201708241600	0	0.7518966368
201708241600	1	0.7520727877
201708241900	0	0.7537242986
201708241900	1	0.7542189927
201708242200	0	0.7525677481
201708242200	1	0.7530456992
201708250100	0	0.7705068746
201708250100	1	0.7709728776
201708250400	0	0.7587955977
201708250400	1	0.7590525453
201708250700	0	0.7614193156
201708250700	1	0.7617249489
201708251000	0	0.0000000000
201708251000	1	0.0000000000
201708251300	0	0.7570742072
201708251300	1	0.7574831186
201708251600	0	0.7435830881
201708251600	1	0.7432007393
201708251900	0	0.7619847629
201708251900	1	0.7630593683
201708252200	0	0.0000000000
201708252200	1	0.0000000000
201708260400	0	0.7670415236
201708260400	1	0.7670223374
201708261000	0	0.7654915342
201708261000	1	0.7656324259
201708261300	0	0.7440326369
201708261300	1	0.7443175575
201708261600	0	0.7534478874
201708261600	1	0.7536531520
201708261900	0	0.7518150321
201708261900	1	0.7522844583
201708262200	0	0.7384616393
201708262200	1	0.7388120699
201708270100	0	0.7760848490
201708270100	1	0.7763280207
201708270400	0	0.7618241925
201708270400	1	0.7625040600
201708270700	0	0.7551985332
201708270700	1	0.7554126801
201708271000	0	0.7659441228
201708271000	1	0.7664348713
201708271300	0	0.0000000000
201708271300	1	0.0000000000
201708271600	0	0.7509051841
201708271600	1	0.7503863826
201708271900	0	0.7585919943
201708271900	1	0.7577983376
201708272200	0	0.7446723252
201708272200	1	0.7451958335
201708280100	0	0.7778321123
201708280100	1	0.7783761921
201708280400	0	0.7608813622
201708280400	1	0.7624256515
201708280700	0	0.7618525958
201708280700	1	0.7582902767
201708281000	0	0.7636907818
201708281000	1	0.7613996474
201708281400	0	0.7583065671
201708281400	1	0.7584928629
201708281600	0	0.6253115960
201708281600	1	0.6247752876
201708281900	0	0.6210101362
201708281900	1	0.6199653063
201708282200	0	0.7491599419
201708282200	1	0.7505664000
201708290100	0	0.7772033840
201708290100	1	0.7774288193
201708290400	0	0.7620904156
201708290400	1	0.7603529546
201708290700	0	0.7586708220
201708290700	1	0.7588460145
201708291000	0	0.7643954157
201708291000	1	0.7645143641
201708291300	0	0.7561866691
201708291300	1	0.7564534868
201708291600	0	0.7568061283
201708291600	1	0.7551876241
201708291900	0	0.7476571318
201708291900	1	0.7512555548
201708292200	0	0.7455377193
201708292200	1	0.7492228167
201708300100	0	0.7806810100
201708300100	1	0.7814663917
201708300400	0	0.7629369419
201708300400	1	0.7628900453
201708300700	0	0.7617883054
201708300700	1	0.7610945822
201708301000	0	0.7678353505
201708301000	1	0.7678177463
201708301300	0	0.7570148424
201708301300	1	0.7569445195
201708301600	0	0.7634851166
201708301600	1	0.7648104897
201708301900	0	0.7546179710
201708301900	1	0.7537699251
201708302200	0	0.7527523321
201708302200	1	0.7522060622
201708310100	0	0.7759878801
201708310100	1	0.7767690710
201708310400	0	0.7552855638
201708310400	1	0.7536592478
201708310700	0	0.7616468442
201708310700	1	0.7619055474
201708311000	0	0.7707009721
201708311000	1	0.7710082146
201708311300	0	0.7598824273
201708311300	1	0.7599941112
201708311600	0	0.7526237445
201708311600	1	0.7548767934
201708311900	0	0.7618239747
201708311900	1	0.7621394680
201708312200	0	0.7593004713
201708312200	1	0.7602288990
201709010100	0	0.7758754783
201709010100	1	0.7758700782
201709010400	0	0.7640736501
201709010400	1	0.7647371080
201709010700	0	0.7619972221
201709010700	1	0.7622641553
201709011000	0	0.7592249660
201709011000	1	0.7611891122
201709011300	0	0.7574312837
201709011300	1	0.7568882454
201709011600	0	0.7644795600
201709011600	1	0.7673289100
201709011900	0	0.7536495035
201709011900	1	0.7508843998
201709012200	0	0.7518246331
201709012200	1	0.7528054615
201709020100	0	0.7828756208
201709020100	1	0.7827042950
201709020400	0	0.7656405692
201709020400	1	0.7646658734
201709020700	0	0.7609031777
201709020700	1	0.7607845888
201709021000	0	0.7683095666
201709021000	1	0.7689711282
201709021300	0	0.7484358194
201709021300	1	0.7492043869
201709021600	0	0.7525941166
201709021600	1	0.7532972459
201709021900	0	0.7549110987
201709021900	1	0.7567685247
201709022200	0	0.7479214685
201709022200	1	0.7498485422
201709030100	0	0.7765275066
201709030100	1	0.7759375783
201709030400	0	0.0000000000
201709030400	1	0.0000000000
201709030700	0	0.0000000000
201709030700	1	0.0000000000
201709031000	0	0.7662462166
201709031000	1	0.7663594874
201709031300	0	0.7553955594
201709031300	1	0.7555802888
201709031600	0	0.7557307191
201709031600	1	0.7556436858
201709031900	0	0.7578827727
201709031900	1	0.7560756869
201709032200	0	0.0000000000
201709032200	1	0.0000000000
201709040400	0	0.7573103014
201709040400	1	0.7558258858
201709041000	0	0.7651259417
201709041000	1	0.7653787067
201709041300	0	0.7601304805
201709041300	1	0.7604397815
201709041600	0	0.7633182077
201709041600	1	0.7627924800
201709041900	0	0.7548658914
201709041900	1	0.7550266796
201709042200	0	0.7501097738
201709042200	1	0.7504287913
201709050400	0	0.7567403056
201709050400	1	0.7585581416
201709051000	0	0.7615960972
201709051000	1	0.7611439817
201709051300	0	0.7468157031
201709051300	1	0.7477289463
201709051600	0	0.7485712872
201709051600	1	0.7479432136
201709051900	0	0.7617153333
201709051900	1	0.7602161852
201709052200	0	0.7476631491
201709052200	1	0.7474836842
201709060400	0	0.0000000000
201709060400	1	0.0000000000
201709060700	0	0.0000000000
201709060700	1	0.0000000000
201709061000	0	0.7612444184
201709061000	1	0.7628584488
201709061300	0	0.7537389045
201709061300	1	0.7528731072
201709061600	0	0.7594831146
201709061600	1	0.7582502384
201709061900	0	0.7559765716
201709061900	1	0.7563741993
201709062200	0	0.7534650997
201709062200	1	0.7536858903
201709070100	0	0.7798602432
201709070100	1	0.7798346005
201709070400	0	0.7603127145
201709070400	1	0.7615298622
201709070700	0	0.7494355750
201709070700	1	0.7501180278
201709071000	0	0.0000000000
201709071000	1	0.0000000000
201709071300	0	0.7232747001
201709071300	1	0.7236490521
201709071600	0	0.7212347289
201709071600	1	0.7221582275
201709071900	0	0.7478093946
201709071900	1	0.7491099883
201709072200	0	0.7447512283
201709072200	1	0.7452986504
201709080100	0	0.7662405706
201709080100	1	0.7664544559
201709080400	0	0.7524214688
201709080400	1	0.7521540820
201709080700	0	0.7490172132
201709080700	1	0.7491188864
201709081000	0	0.7318544212
201709081000	1	0.7313575025
201709081300	0	0.7261681698
201709081300	1	0.7270201769
201709081600	0	0.7298270683
201709081600	1	0.7279775538
201709081900	0	0.7325666990
201709081900	1	0.7330009501
201709082200	0	0.7464701805
201709082200	1	0.7460780398
201709090100	0	0.0000000000
201709090100	1	0.0000000000
201709090400	0	0.0000000000
201709090400	1	0.0000000000
201709090700	0	0.0000000000
201709090700	1	0.0000000000
201709091000	0	0.7268956075
201709091000	1	0.7276549920
201709091300	0	0.7151152806
201709091300	1	0.7148417682
201709091600	0	0.7318907439
201709091600	1	0.7328588887
201709091900	0	0.7576694868
201709091900	1	0.7584727238
201709092200	0	0.0000000000
201709092200	1	0.0000000000
201709100100	0	0.7805661513
201709100100	1	0.7815455009
201709100400	0	0.7632158621
201709100400	1	0.7641731147
201709100700	0	0.7547329494
201709100700	1	0.7544890418
201709101000	0	0.7614962849
201709101000	1	0.7624031491
201709101300	0	0.7441414422
201709101300	1	0.7408088069
201709101600	0	0.7490937810
201709101600	1	0.7484427687
201709101900	0	0.7498946876
201709101900	1	0.7478740400
201709102200	0	0.7576154235
201709102200	1	0.7575788995
201709110400	0	0.7627633586
201709110400	1	0.7628976439
201709111000	0	0.0000000000
201709111000	1	0.0000000000
201709111300	0	0.7600040928
201709111300	1	0.7604952247
201709111900	0	0.7478328584
201709111900	1	0.7486099687
201709112200	0	0.0000000000
201709112200	1	0.0000000000
201709120700	0	0.7586470580
201709120700	1	0.7590837041
201709121000	0	0.7680819648
201709121000	1	0.7683292923
201709121300	0	0.7481870492
201709121300	1	0.7486949710
201709121600	0	0.7384944758
201709121600	1	0.7375239288
201709121900	0	0.7557249211
201709121900	1	0.7562986148
201709122200	0	0.7553744891
201709122200	1	0.7561561987
201709130100	0	0.7762734578
201709130100	1	0.7769510400
201709130400	0	0.7621505850
201709130400	1	0.7621368449
201709130700	0	0.7640183134
201709130700	1	0.7639539628
201709131000	0	0.7726177448
201709131000	1	0.7727600643
201709131300	0	0.7586727682
201709131300	1	0.7589513114
201709131600	0	0.7528739965
201709131600	1	0.7539352486
201709131900	0	0.0000000000
201709131900	1	0.0000000000
201709132200	0	0.7442803625
201709132200	1	0.7429600735
201709140100	0	0.7743496873
201709140100	1	0.7744971646
201709140400	0	0.7627025424
201709140400	1	0.7633668344
201709140700	0	0.7592401594
201709140700	1	0.7590450933
201709141000	0	0.7664504665
201709141000	1	0.7666362139
201709141300	0	0.7577270329
201709141300	1	0.7577745330
201709141600	0	0.7548133124
201709141600	1	0.7557852965
201709141900	0	0.7466714208
201709141900	1	0.7471425883
201709142200	0	0.7485483741
201709142200	1	0.7491726850
201709150400	0	0.7461497079
201709150400	1	0.7473293966
201709150700	0	0.7589818529
201709150700	1	0.7602869449
201709151000	0	0.7678663718
201709151000	1	0.7681432860
201709151300	0	0.7524010995
201709151300	1	0.7523603582
201709151600	0	0.7580119005
201709151600	1	0.7584707499
201709151900	0	0.7504351460
201709151900	1	0.7513668095
201709152200	0	0.7451524501
201709152200	1	0.7445132329
201709160100	0	0.7690644019
201709160100	1	0.7692325936
201709160400	0	0.7453171522
201709160400	1	0.7441729052
201709160700	0	0.7565114927
201709160700	1	0.7565306213
201709161000	0	0.0000000000
201709161000	1	0.0000000000
201709161300	0	0.7458603034
201709161300	1	0.7462252232
201709161600	0	0.7517226480
201709161600	1	0.7519228317
201709161900	0	0.7502389552
201709161900	1	0.7505736061
201709162200	0	0.7547818597
201709162200	1	0.7546394843
201709170400	0	0.7419596598
201709170400	1	0.7434387338
201709170700	0	0.0000000000
201709170700	1	0.0000000000
201709171000	0	0.0000000000
201709171000	1	0.0000000000
201709171300	0	0.7475741695
201709171300	1	0.7474859738
201709171600	0	0.7548925000
201709171600	1	0.7554759094
201709171900	0	0.7555238742
201709171900	1	0.7567089695
201709172200	0	0.7564809960
201709172200	1	0.7571496664
201709180100	0	0.7846744844
201709180100	1	0.7846761052
201709180400	0	0.7612513071
201709180400	1	0.7613769122
201709180700	0	0.7624849157
201709180700	1	0.7625917654
201709181000	0	0.7669620119
201709181000	1	0.7670303038
201709181300	0	0.7578258113
201709181300	1	0.7574496975
201709181600	0	0.7557803275
201709181600	1	0.7561760522
201709181900	0	0.7551314154
201709181900	1	0.7563148555
201709182200	0	0.7480651807
201709182200	1	0.7478731522
201709190400	0	0.7635441186
201709190400	1	0.7646310213
201709190700	0	0.7642395860
201709190700	1	0.7645936008
201709191000	0	0.7689414690
201709191000	1	0.7691150258
201709191300	0	0.7553690807
201709191300	1	0.7558847158
201709191600	0	0.7588089383
201709191600	1	0.7584860182
201709191900	0	0.7588030508
201709191900	1	0.7586786907
201709192200	0	0.7575751239
201709192200	1	0.7584544101
201709200400	0	0.7551289229
201709200400	1	0.7548610605
201709200700	0	0.7636815394
201709200700	1	0.7645080709
201709201000	0	0.7661943962
201709201000	1	0.7665168800
201709201300	0	0.7590130252
201709201300	1	0.7592738866
201709201600	0	0.7605037886
201709201600	1	0.7603521066
201709201900	0	0.7628908575
201709201900	1	0.7630285465
201709202200	0	0.7550114641
201709202200	1	0.7555399278
201709210400	0	0.7490484011
201709210400	1	0.7488585919
201709210700	0	0.7626736015
201709210700	1	0.7630419505
201709211000	0	0.7624445171
201709211000	1	0.7626919891
201709211300	0	0.7559965084
201709211300	1	0.7560074141
201709211600	0	0.7594307358
201709211600	1	0.7598899981
201709211900	0	0.7617983377
201709211900	1	0.7623608462
201709212200	0	0.7586956668
201709212200	1	0.7587688735
201709220400	0	0.7592080994
201709220400	1	0.7596813511
201709220700	0	0.7610529926
201709220700	1	0.7614520849
201709221000	0	0.7690162850
201709221000	1	0.7691893468
201709221300	0	0.7659980731
201709221300	1	0.7661303200
201709221600	0	0.7607707075
201709221600	1	0.7619137620
201709221900	0	0.7620618560
201709221900	1	0.7624216267
201709222200	0	0.7575511274
201709222200	1	0.7583592829
201709230400	0	0.7594699511
201709230400	1	0.7599243111
201709230700	0	0.7591948329
201709230700	1	0.7595470020
201709231000	0	0.7696473396
201709231000	1	0.7694212868
201709231300	0	0.7583896406
201709231300	1	0.7588882160
201709231600	0	0.7577378934
201709231600	1	0.7584919008
201709231900	0	0.7616592250
201709231900	1	0.7621304591
201709232200	0	0.7544337006
201709232200	1	0.7537312159
201709240400	0	0.7580312350
201709240400	1	0.7580943865
201709240700	0	0.7580951811
201709240700	1	0.7585372119
201709241000	0	0.7663196181
201709241000	1	0.7663182205
201709241300	0	0.7563985127
201709241300	1	0.7562979617
201709241600	0	0.7555778530
201709241600	1	0.7559221847
201709241900	0	0.7574192353
201709241900	1	0.7578166127
201709242200	0	0.7545139539
201709242200	1	0.7548773641
201709250100	0	0.7767421363
201709250100	1	0.7778174156
201709250400	0	0.7602077351
201709250400	1	0.7603853442
201709250700	0	0.7593060363
201709250700	1	0.7590480257
201709251000	0	0.7632816481
201709251000	1	0.7633832156
201709251300	0	0.7529315121
201709251300	1	0.7533739018
201709251900	0	0.7582369570
201709251900	1	0.7586273461
201709260100	0	0.7798800982
201709260100	1	0.7810892502
201709260400	0	0.7644792864
201709260400	1	0.7647509441
201709260700	0	0.7609666174
201709260700	1	0.7609797063
201709261000	0	0.7651014992
201709261000	1	0.7650490995
201709261300	0	0.7535198470
201709261300	1	0.7553528423
201709261900	0	0.7511214379
201709261900	1	0.7531646167
201709270100	0	0.7733210646
201709270100	1	0.7738803086
201709270400	0	0.7458886972
201709270400	1	0.7462806762
201709270700	0	0.7575780858
201709270700	1	0.7586618618
201709271000	0	0.7690982066
201709271000	1	0.7693205816
201709261500	0	0.0000000000
201709261500	1	0.0000000000
201709261500	2	0.0000000000
201709261500	3	0.0000000000
201709261500	4	0.0000000000
201709261500	5	0.0000000000
201709261500	6	0.0000000000
201709261500	7	0.0000000000
201709261500	8	0.0000000000
201709261500	9	0.0000000000
201709261500	10	0.0000000000
201709261500	11	0.0000000000
201709261500	12	0.0000000000
201709261500	13	0.0000000000
201709261500	14	0.0000000000
201709261500	15	0.0000000000
201709261500	16	0.0000000000
201709261500	17	0.0000000000
201709261700	0	0.7360862931
201709261700	1	0.7374441174
201709261700	2	0.7387534131
201709261700	3	0.7374149075
201709261700	4	0.7384078956
201709261700	5	0.7377414156
201709261700	6	0.7374371977
201709261700	7	0.7384065585
201709261700	8	0.7386972991
201709261700	9	0.7381138079
201709261700	10	0.7368330737
201709261700	11	0.7375808297
201709261700	12	0.7359091002
201709261700	13	0.7369565974
201709261700	14	0.7373561446
201709261700	15	0.7364889914
201709261700	16	0.7355192541
201709261700	17	0.7361921079
201709261700	0	0.7374760851
201709261700	1	0.7410633884
201710100930	0	0.7549959777
201710100930	1	0.7556261324
201710101700	0	0.7517912262
201710101700	1	0.7530328734
201710110100	0	0.7693659878
201710110100	1	0.7690535761
201710111300	0	0.0000000000
201710111300	1	0.0000000000
201710111700	0	0.7464068747
201710111700	1	0.7463986296
201710120500	0	0.7259676935
201710120500	1	0.7268158133
201710120500	0	0.0000000000
201710120500	1	0.0000000000
201710120600	0	0.5000000014
201710120600	1	0.5000000014
201710121700	0	0.4999999822
201710121700	1	0.4999999822
201710130100	0	0.5000000072
201710130100	1	0.5000000072
201710131515	0	0.4999999857
201710131515	1	0.4999999857
201710140300	0	0.4999999970
201710140300	1	0.4999999970
201710141500	0	0.4999999877
201710141500	1	0.4999999877
201710150300	0	0.5000000095
201710150300	1	0.5000000095
201710151500	0	0.4999999938
201710151500	1	0.4999999938
201710161015	0	0.5000000149
201710161015	1	0.5000000149
201710161600	0	0.0000000000
201710162200	0	0.4999999955
201710171000	0	0.4999999849
201710172200	0	0.4999999999
201710181015	0	0.7501442493
201710181015	1	0.7520903389
201710191000	1	0.7479683356
201710191800	0	0.7467076764
201710200000	0	0.7632327414
201710200600	0	0.7303637081
201710201800	0	0.7416189964
201710210200	0	0.7602159372
201710211000	0	0.7506237092
201710211800	0	0.7415683736
201710220200	0	0.7623863178
201710221000	0	0.7545268586
201710221800	0	0.7420829013
201710230200	0	0.7615194022
201710231000	0	0.7509234382
201710231800	0	0.7433154525
201710240200	0	0.7611442354
201710241000	0	0.7560923173
201710241800	0	0.7456773990
201710250200	0	0.7667453771
201710251000	0	0.7527710139
201710251800	0	0.7404876088
201710260200	0	0.7668669559
201710261000	0	0.0000000000
201710261800	0	0.7470217722
201710270200	0	0.7656214279
201710271000	0	0.7558982671
201710271800	0	0.7467679184
201710280200	0	0.7660603940
201710281000	0	0.7490460132
201710281800	0	0.7367842863
201710290200	0	0.7664156483
201710291000	0	0.7567677070
201710291800	0	0.7428004284
201710300200	0	0.7644424883
201710301000	0	0.7573176544
201710301800	0	0.7389615893
201710310200	0	0.7631638970
201710311000	0	0.7602356773
201710311800	0	0.7464814019
201711010200	0	0.7629802432
201711011000	0	0.7528532861
201711011800	0	0.7413907247
201711020200	0	0.7622049296
201711021000	0	0.7530954123
201711021800	0	0.7440032375
201711030200	0	0.7673833101
201711031000	0	0.7493199120
201711031800	0	0.7404698879
201711040200	0	0.7707002743
201711041000	0	0.7537627567
201711041800	0	0.7359793887
201711050200	0	0.7695245116
201711051000	0	0.7529835723
201711051800	0	0.7281846456
201711060200	0	0.7595228646
201711061000	0	0.7528506512
201711061800	0	0.7348484042
201711070200	0	0.7439300850
201711071000	0	0.7529337946
201711071800	0	0.7521104205
201711080200	0	0.7677813416
201711081000	0	0.7614761345
201711081800	0	0.7547308405
201711090200	0	0.7722277173
201711091000	0	0.7629370601
201711091800	0	0.7528423067
201711100200	0	0.7658431300
201711101000	0	0.7650613028
201711101800	0	0.7479582940
201711110200	0	0.7659788142
201711111000	0	0.7514665220
201711111800	0	0.7546930324
201711120200	0	0.7778170587
201711121000	0	0.7661741062
201711121800	0	0.7435309585
201711130200	0	0.7680695002
201711131000	0	0.7610690152
201711131800	0	0.7410664451
201711141800	0	0.7378179717
201711150200	0	0.7678990208
201711151800	0	0.7446615239
201711160200	0	0.7609950084
201711161800	0	0.7459962076
201711170200	0	0.7675559068
201711171000	0	0.7562482797
201711171800	0	0.7392128662
201711180200	0	0.7683601314
201711181000	0	0.7598012693
201711181800	0	0.7415967800
201711190200	0	0.7688664675
201711191000	0	0.7574707699
201711191800	0	0.7379823841
201711200200	0	0.7630413116
201711201000	0	0.7589883613
201711201800	0	0.7416150567
201711210200	0	0.7539965916
201711211000	0	0.7543641027
201711211800	0	0.7338636188
201711220200	0	0.7583368717
201711221000	0	0.7558914232
201711221800	0	0.7434116851
201711230200	0	0.7487179993
201711231800	0	0.7336661443
201711240200	0	0.7588656099
201711241800	0	0.7412157621
201711250200	0	0.7519085525
201711251000	0	0.7506909721
201711251800	0	0.7408193369
201711260200	0	0.7555149390
201711261000	0	0.7526807828
201711261800	0	0.7484662561
201711270200	0	0.7510488657
201711271000	0	0.7521722571
201711271800	0	0.7368997654
201711280200	0	0.7521599438
201711281000	0	0.7514166662
201711281800	0	0.7355982427
201711290200	0	0.7511335095
201711271100	0	0.7428907842
201711271100	0	0.0000000000
201711271100	0	0.7424931137
201711271100	1	0.7447697622
201711271100	0	0.7428512473
201711271100	1	0.7450389684
201711271100	0	0.7419845679
201711271100	1	0.7452805791
201711271100	0	0.7408671052
201711271100	1	0.7428940041
201711271100	0	0.7409744057
201711271100	1	0.7432181102
201711271100_5	0	0.7424933426
201711271100_5	1	0.7447245182
201711271100_8	0	0.7409966860
201711271100_8	1	0.7445588309
201711271100_1	0	0.7409478057
201711271100_1	1	0.7425528039
201711271100_2	0	0.7442128914
201711271100_2	1	0.7462586099
201711271100_3	0	0.7415058130
201711271100_3	1	0.7445592562
201711271100_4	0	0.7434755645
201711271100_4	1	0.7455899832
201711271100_5	0	0.7382149492
201711271100_5	1	0.7438268584
201711271100_6	0	0.5697134230
201711271100_6	1	0.5803879015
201711271100_8	0	0.5853738098
201711271100_8	1	0.7432281020
201711271100_10	0	0.5754393268
201711271100_10	1	0.5935276353
201711281000_2	0	0.7467966877
201711281000_2	1	0.7494240504
201711281000_4	0	0.7460865861
201711281000_4	1	0.7494821189
201711281000_5	0	0.5786515191
201711281000_5	1	0.7474926664
201711281000_6	0	0.5769807957
201711281000_6	1	0.5861795080
201711281000_8	0	0.5616596345
201711281000_8	1	0.5750584710
201711281000_1	0	0.7458824227
201711281000_1	1	0.7483590277
201711281000_2	0	0.7477187243
201711281000_2	1	0.7498448450
201711281000_3	0	0.7472321596
201711281000_3	1	0.7496572441
201711281000_4	0	0.7448436801
201711281000_4	1	0.7500588259
201711281000_5	0	0.6220523423
201711281000_5	1	0.7491513233
201711281000_8	0	0.5529474954
201711281000_8	1	0.5687117664
201711281000_10	0	0.5262404016
201711281000_10	1	0.5254679900
201711281000_1	0	0.7433714628
201711281000_1	1	0.7484141889
201711281000_3	0	0.7477964001
201711281000_3	1	0.7510521141
201711281000_8	0	0.5419977203
201711281000_8	1	0.5458060764
