201706190800	0	0.72443
201706190800	1	0.72770
201706190800	2	0.72979
201706190800	3	0.73046
201706190800	4	0.73170
201706190800	5	0.73238
201706190800	6	0.73255
201706190800	7	0.73095
201706190800	8	0.73334
201706190800	9	0.73325
201706190800	10	0.73235
201706190800	11	0.73316
201706190800	12	0.73319
201706190800	13	0.73273
201706190800	14	0.73272
201706190800	15	0.73281
201706190800	16	0.73217
201706190800	17	0.73323
201706200900	0	0.73718
201706200900	1	0.73772
201706200900	2	0.73791
201706200900	3	0.73839
201706200900	4	0.73838
201706200900	5	0.73847
201706200900	6	0.73856
201706200900	7	0.73872
201706200900	8	0.73874
201706200900	9	0.73861
201706200900	10	0.73877
201706200900	11	0.73854
201706200900	12	0.73863
201706200900	13	0.73872
201706200900	14	0.73855
201706200900	15	0.73864
201706200900	16	0.73871
201706200900	17	0.73860
201706211000	0	0.73805
201706211000	1	0.73863
201706211000	2	0.73874
201706211000	3	0.73901
201706211000	4	0.73904
201706211000	5	0.73926
201706211000	6	0.73908
201706211000	7	0.73929
201706211000	8	0.73927
201706211000	9	0.73936
201706211000	10	0.73927
201706211000	11	0.73923
201706211000	12	0.73944
201706211000	13	0.73930
201706211000	14	0.73918
201706211000	15	0.73908
201706211000	16	0.73905
201706211000	17	0.73899
201706221100	0	0.73608
201706221100	1	0.73612
201706221100	2	0.73690
201706221100	3	0.73715
201706221100	4	0.73706
201706221100	5	0.73741
201706221100	6	0.73740
201706221100	7	0.73734
201706221100	8	0.73745
201706221100	9	0.73749
201706221100	10	0.73722
201706221100	11	0.73743
201706221100	12	0.73727
201706221100	13	0.73723
201706221100	14	0.73727
201706221100	15	0.73715
201706221100	16	0.73733
201706221100	17	0.73732
201706231200	0	0.73546
201706231200	1	0.73598
201706231200	2	0.73642
201706231200	3	0.73671
201706231200	4	0.73661
201706231200	5	0.73664
201706231200	6	0.73675
201706231200	7	0.73667
201706231200	8	0.73700
201706231200	9	0.73705
201706231200	10	0.73686
201706231200	11	0.73672
201706231200	12	0.73678
201706231200	13	0.73691
201706231200	14	0.73664
201706231200	15	0.73686
201706231200	16	0.73678
201706231200	17	0.73650
201706241300	0	0.74107
201706241300	1	0.74150
201706241300	2	0.74162
201706241300	3	0.74171
201706241300	4	0.74195
201706241300	5	0.74171
201706241300	6	0.74207
201706241300	7	0.74181
201706241300	8	0.74180
201706241300	9	0.74205
201706241300	10	0.74226
201706241300	11	0.74185
201706241300	12	0.74207
201706241300	13	0.74207
201706241300	14	0.74214
201706241300	15	0.74203
201706241300	16	0.74202
201706241300	17	0.74200
201706251400	0	0.73785
201706251400	1	0.73823
201706251400	2	0.73812
201706251400	3	0.73869
201706251400	4	0.73891
201706251400	5	0.73850
201706251400	6	0.73892
201706251400	7	0.73880
201706251400	8	0.73889
201706251400	9	0.73885
201706251400	10	0.73883
201706251400	11	0.73900
201706251400	12	0.73897
201706251400	13	0.73901
201706251400	14	0.73889
201706251400	15	0.73865
201706251400	16	0.73887
201706251400	17	0.73886
201706261500	0	0.73844
201706261500	1	0.73849
201706261500	2	0.73845
201706261500	3	0.73886
201706261500	4	0.73911
201706261500	5	0.73901
201706261500	6	0.73939
201706261500	7	0.73933
201706261500	8	0.73917
201706261500	9	0.73939
201706261500	10	0.73933
201706261500	11	0.73942
201706261500	12	0.73935
201706261500	13	0.73906
201706261500	14	0.73914
201706261500	15	0.73909
201706261500	16	0.73908
201706261500	17	0.73910
201706271600	0	0.74213
201706271600	1	0.74235
201706271600	2	0.74271
201706271600	3	0.74276
201706271600	4	0.74295
201706271600	5	0.74318
201706271600	6	0.74311
201706271600	7	0.74320
201706271600	8	0.74297
201706271600	9	0.74318
201706271600	10	0.74324
201706271600	11	0.74327
201706271600	12	0.74329
201706271600	13	0.74319
201706271600	14	0.74314
201706271600	15	0.74308
201706271600	16	0.74304
201706271600	17	0.74338
201706281700	0	0.74522
201706281700	1	0.74591
201706281700	2	0.74569
201706281700	3	0.74512
201706281700	4	0.74664
201706281700	5	0.74564
201706281700	6	0.74642
201706281700	7	0.74633
201706281700	8	0.74505
201706281700	9	0.74632
201706281700	10	0.74585
201706281700	11	0.74653
201706281700	12	0.74632
201706281700	13	0.74609
201706281700	14	0.74627
201706281700	15	0.74624
201706281700	16	0.74633
201706281700	17	0.74623
201706291800	0	0.74515
201706291800	1	0.74551
201706291800	2	0.74586
201706291800	3	0.74584
201706291800	4	0.74623
201706291800	5	0.74551
201706291800	6	0.74686
201706291800	7	0.74625
201706291800	8	0.74609
201706291800	9	0.74664
201706291800	10	0.74684
201706291800	11	0.74648
201706291800	12	0.74660
201706291800	13	0.74643
201706291800	14	0.74651
201706291800	15	0.74607
201706291800	16	0.74678
201706291800	17	0.74604
201706301900	0	0.74427
201706301900	1	0.74443
201706301900	2	0.74475
201706301900	3	0.74489
201706301900	4	0.74529
201706301900	5	0.74494
201706301900	6	0.74508
201706301900	7	0.74547
201706301900	8	0.74536
201706301900	9	0.74533
201706301900	10	0.74520
201706301900	11	0.74545
201706301900	12	0.74526
201706301900	13	0.74518
201706301900	14	0.74528
201706301900	15	0.74529
201706301900	16	0.74521
201706301900	17	0.74531
201707012000	0	0.74008
201707012000	1	0.73999
201707012000	2	0.74053
201707012000	3	0.74066
201707012000	4	0.74084
201707012000	5	0.74042
201707012000	6	0.74060
201707012000	7	0.74065
201707012000	8	0.74078
201707012000	9	0.74053
201707012000	10	0.74079
201707012000	11	0.74051
201707012000	12	0.74046
201707012000	13	0.74051
201707012000	14	0.74061
201707012000	15	0.74047
201707012000	16	0.74051
201707012000	17	0.74045
201707022100	0	0.73125
201707022100	1	0.73039
201707022100	2	0.73156
201707022100	3	0.73167
201707022100	4	0.73183
201707022100	5	0.73166
201707022100	6	0.73125
201707022100	7	0.73142
201707022100	8	0.73183
201707022100	9	0.73175
201707022100	10	0.73173
201707022100	11	0.73189
201707022100	12	0.73090
201707022100	13	0.73132
201707022100	14	0.73158
201707022100	15	0.73103
201707022100	16	0.73108
201707022100	17	0.73096
201707032200	0	0.74359
201707032200	1	0.74304
201707032200	2	0.74197
201707032200	3	0.74152
201707032200	4	0.74184
201707032200	5	0.74106
201707032200	6	0.74215
201707032200	7	0.74116
201707032200	8	0.74112
201707032200	9	0.74266
201707032200	10	0.74146
201707032200	11	0.74141
201707032200	12	0.74088
201707032200	13	0.74019
201707032200	14	0.74078
201707032200	15	0.74212
201707032200	16	0.74085
201707032200	17	0.74035
201706190800	0	0.72535
201706190800	1	0.72843
201706190800	2	0.72920
201706190800	3	0.73234
201706190800	4	0.73328
201706190800	5	0.73341
201706190800	6	0.73354
201706190800	7	0.73214
201706190800	8	0.73352
201706190800	9	0.73341
201706190800	10	0.73335
201706190800	11	0.73316
201706190800	12	0.73333
201706190800	13	0.73262
201706190800	14	0.73296
201706190800	15	0.73175
201706200900	0	0.73889
201706200900	1	0.73949
201706200900	2	0.73988
201706200900	3	0.74008
201706200900	4	0.74043
201706200900	5	0.74050
201706200900	6	0.74041
201706200900	7	0.74045
201706200900	8	0.74056
201706200900	9	0.74052
201706200900	10	0.74040
201706200900	11	0.74043
201706200900	12	0.74049
201706200900	13	0.74021
201706200900	14	0.74011
201706211000	0	0.73894
201706211000	1	0.73993
201706211000	2	0.74021
201706211000	3	0.73994
201706211000	4	0.74058
201706211000	5	0.74070
201706211000	6	0.74054
201706211000	7	0.74053
201706211000	8	0.74071
201706211000	9	0.74077
201706211000	10	0.74075
201706211000	11	0.74068
201706211000	12	0.74061
201706211000	13	0.74072
201706211000	14	0.74080
201706221100	0	0.73853
201706221100	1	0.73864
201706221100	2	0.73927
201706221100	3	0.73912
201706221100	4	0.73914
201706221100	5	0.73935
201706221100	6	0.73921
201706221100	7	0.73923
201706221100	8	0.73935
201706221100	9	0.73914
201706221100	10	0.73935
201706221100	11	0.73891
201706221100	12	0.73912
201706221100	13	0.73893
201706221100	14	0.73879
201706231200	0	0.73747
201706231200	1	0.73794
201706231200	2	0.73842
201706231200	3	0.73876
201706231200	4	0.73860
201706231200	5	0.73892
201706231200	6	0.73890
201706231200	7	0.73912
201706231200	8	0.73888
201706231200	9	0.73881
201706231200	10	0.73872
201706231200	11	0.73835
201706231200	12	0.73872
201706231200	13	0.73870
201706241300	0	0.74304
201706241300	1	0.74359
201706241300	2	0.74380
201706241300	3	0.74357
201706241300	4	0.74415
201706241300	5	0.74340
201706241300	6	0.74400
201706241300	7	0.74405
201706241300	8	0.74407
201706241300	9	0.74381
201706241300	10	0.74403
201706241300	11	0.74380
201706241300	12	0.74379
201706241300	13	0.74256
201706241300	14	0.74379
201706251400	0	0.74025
201706251400	1	0.74070
201706251400	2	0.74097
201706251400	3	0.74079
201706251400	4	0.74108
201706251400	5	0.74114
201706251400	6	0.74093
201706251400	7	0.74108
201706251400	8	0.74112
201706251400	9	0.74080
201706251400	10	0.74090
201706251400	11	0.74110
201706251400	12	0.74101
201706251400	13	0.74081
201706261500	0	0.74051
201706261500	1	0.74115
201706261500	2	0.74154
201706261500	3	0.74156
201706261500	4	0.74165
201706261500	5	0.74187
201706261500	6	0.74179
201706261500	7	0.74174
201706261500	8	0.74182
201706261500	9	0.74173
201706261500	10	0.74168
201706261500	11	0.74175
201706261500	12	0.74150
201706261500	13	0.74142
201706271600	0	0.74480
201706271600	1	0.74500
201706271600	2	0.74545
201706271600	3	0.74554
201706271600	4	0.74557
201706271600	5	0.74544
201706271600	6	0.74584
201706271600	7	0.74553
201706271600	8	0.74578
201706271600	9	0.74561
201706271600	10	0.74574
201706271600	11	0.74561
201706271600	12	0.74569
201706271600	13	0.74561
201706281700	0	0.74659
201706281700	1	0.74884
201706281700	2	0.74879
201706281700	3	0.74880
201706281700	4	0.74906
201706281700	5	0.74924
201706281700	6	0.74902
201706281700	7	0.74664
201706281700	8	0.74909
201706281700	9	0.74886
201706281700	10	0.74882
201706281700	11	0.74900
201706281700	12	0.74894
201706281700	13	0.74865
201706291800	0	0.74821
201706291800	1	0.74865
201706291800	2	0.74936
201706291800	3	0.74932
201706291800	4	0.74930
201706291800	5	0.74955
201706291800	6	0.74988
201706291800	7	0.74927
201706291800	8	0.74942
201706291800	9	0.74985
201706291800	10	0.74971
201706291800	11	0.74952
201706291800	12	0.74949
201706291800	13	0.74937
201706301900	0	0.74672
201706301900	1	0.74736
201706301900	2	0.74759
201706301900	3	0.74776
201706301900	4	0.74794
201706301900	5	0.74808
201706301900	6	0.74802
201706301900	7	0.74782
201706301900	8	0.74787
201706301900	9	0.74792
201706301900	10	0.74776
201706301900	11	0.74789
201706301900	12	0.74776
201706301900	13	0.74766
201707012000	0	0.74292
201707012000	1	0.74320
201707012000	2	0.74307
201707012000	3	0.74359
201707012000	4	0.74362
201707012000	5	0.74353
201707012000	6	0.74363
201707012000	7	0.74365
201707012000	8	0.74365
201707012000	9	0.74353
201707012000	10	0.74345
201707012000	11	0.74353
201707012000	12	0.74329
201707012000	13	0.74306
201707012000	14	0.74325
201707022100	0	0.73388
201707022100	1	0.73340
201707022100	2	0.73475
201707022100	3	0.73443
201707022100	4	0.73462
201707022100	5	0.73483
201707022100	6	0.73440
201707022100	7	0.73447
201707022100	8	0.73460
201707022100	9	0.73440
201707022100	10	0.73448
201707022100	11	0.73465
201707022100	12	0.73446
201707022100	13	0.73411
201707032200	0	0.74660
201707032200	1	0.74721
201707032200	2	0.74465
201707032200	3	0.74525
201707032200	4	0.74436
201707032200	5	0.74367
201707032200	6	0.74418
201707032200	7	0.74428
201707032200	8	0.74344
201707032200	9	0.74334
201707032200	10	0.74463
201707032200	11	0.74320
201707032200	12	0.74434
201707042300	0	0.75999
201707042300	1	0.76010
201707042300	2	0.76090
201707042300	3	0.76064
201707042300	4	0.76100
201707042300	5	0.76089
201707042300	6	0.76113
201707042300	7	0.76111
201707042300	8	0.76098
201707042300	9	0.76078
201707042300	10	0.76085
201707042300	11	0.76087
201707042300	12	0.76086
201707042300	13	0.76057
201707060000	0	0.76744
201707060000	1	0.76774
201707060000	2	0.76772
201707060000	3	0.76798
201707060000	4	0.76810
201707060000	5	0.76759
201707060000	6	0.76777
201707060000	7	0.76762
201707060000	8	0.76832
201707060000	9	0.76785
201707060000	10	0.76792
201707060000	11	0.76771
201707060000	12	0.76746
201707060000	13	0.76766
201707060000	14	0.76712
201707060000	15	0.76750
201707060000	16	0.76723
201707070100	0	0.77093
201707070100	1	0.77116
201707070100	2	0.77167
201707070100	3	0.77138
201707070100	4	0.77188
201707070100	5	0.77175
201707070100	6	0.77198
201707070100	7	0.77191
201707070100	8	0.77195
201707070100	9	0.77177
201707070100	10	0.77062
201707070100	11	0.77125
201707070100	12	0.77167
201707080200	0	0.76943
201707080200	1	0.76986
201707080200	2	0.77010
201707080200	3	0.77029
201707080200	4	0.77042
201707080200	5	0.77058
201707080200	6	0.77057
201707080200	7	0.77085
201707080200	8	0.77083
201707080200	9	0.77032
201707080200	10	0.77059
201707080200	11	0.77053
201707080200	12	0.77041
201707080200	13	0.77032
201707090300	0	0.76391
201707090300	1	0.76412
201707090300	2	0.76446
201707090300	3	0.76498
201707090300	4	0.76496
201707090300	5	0.76468
201707090300	6	0.76493
201707090300	7	0.76495
201707090300	8	0.76509
201707090300	9	0.76497
201707090300	10	0.76482
201707090300	11	0.76510
201707090300	12	0.76483
201707090300	13	0.76485
201707100400	0	0.75365
201707100400	1	0.75420
201707100400	2	0.75435
201707100400	3	0.75440
201707100400	4	0.75444
201707100400	5	0.75438
201707100400	6	0.75448
201707100400	7	0.75434
201707100400	8	0.75453
201707100400	9	0.75416
201707100400	10	0.75451
201707100400	11	0.75440
201707100400	12	0.75462
201707100400	13	0.75414
201707110500	0	0.73921
201707110500	1	0.73943
201707110500	2	0.73963
201707110500	3	0.73987
201707110500	4	0.73965
201707110500	5	0.73985
201707110500	6	0.74019
201707110500	7	0.74023
201707110500	8	0.74028
201707110500	9	0.74006
201707110500	10	0.74021
201707110500	11	0.73993
201707110500	12	0.74004
201707110500	13	0.73965
201707120600	0	0.74145
201707120600	1	0.74228
201707120600	2	0.74269
201707120600	3	0.74299
201707120600	4	0.74281
201707120600	5	0.74356
201707120600	6	0.74309
201707120600	7	0.74310
201707120600	8	0.74320
201707120600	9	0.74359
201707120600	10	0.74332
201707120600	11	0.74288
201707120600	12	0.74322
201707120600	13	0.74320
201709261500	0	0.00000
201709261500	1	0.00000
201709261500	2	0.00000
201709261500	3	0.00000
201709261500	4	0.00000
201709261500	5	0.00000
201709261500	6	0.00000
201709261500	7	0.00000
201709261500	8	0.00000
201709261500	9	0.00000
201709261500	10	0.00000
201709261500	11	0.00000
201709261500	12	0.00000
201709261500	13	0.00000
201709261500	14	0.00000
201709261500	15	0.00000
201709261500	16	0.00000
201709261500	17	0.00000
201709261700	0	0.73719
201709261700	1	0.73844
201709261700	2	0.73924
201709261700	3	0.73868
201709261700	4	0.73779
201709261700	5	0.73931
201709261700	6	0.73922
201709261700	7	0.73957
201709261700	8	0.73877
201709261700	9	0.73946
201709261700	10	0.73926
201709261700	11	0.73929
201709261700	12	0.73864
201709261700	13	0.73633
201709261700	14	0.73813
201709261700	15	0.73777
201709261700	16	0.73696
201709261700	17	0.73725
201709261700	0	0.73671
201709261700	1	0.74207
201709291700	0	0.73383
201709291700	1	0.73524
201709292100	0	0.72957
201709292100	1	0.72937
201709300100	0	0.75980
201709300100	1	0.76108
201709300500	0	0.72603
201709300500	1	0.72571
201709300930	0	0.74628
201709300930	1	0.74695
201709301700	0	0.0000000000
201709301700	1	0.0000000000
201709301900	0	0.7244642082
201709301900	1	0.7227200963
201709302100	0	0.7281121810
201709302100	1	0.7285674048
201710010100	0	0.7576096500
201710010100	1	0.7586430846
201710010500	0	0.7290856715
201710010500	1	0.7297145275
201710010700	0	0.7290596138
201710010700	1	0.7300528060
201710010900	0	0.7432718356
201710010900	1	0.7426681065
201710011100	0	0.7419390383
201710011100	1	0.7419970828
201710011300	0	0.7377335004
201710011300	1	0.7379879866
201710011500	0	0.7384015604
201710011500	1	0.7381216780
201710011700	0	0.7408067171
201710011700	1	0.7408062507
201710012100	0	0.7214984701
201710012100	1	0.7216368893
201710020100	0	0.7669649010
201710020100	1	0.7673584699
201710020500	0	0.7317943379
201710020500	1	0.7319510831
201710020700	0	0.7362041426
201710020700	1	0.7362371397
201710021100	0	0.7383947501
201710021100	1	0.7385732329
201710021500	0	0.7308423449
201710021500	1	0.7311561723
201710021900	0	0.7379682686
201710021900	1	0.7381776777
201710022300	0	0.7431562002
201710022300	1	0.7426255073
201710030300	0	0.7552637211
201710030300	1	0.7555776216
201710030700	0	0.7372663496
201710030700	1	0.7378024622
201710031100	0	0.7379259675
201710031100	1	0.7376526188
201710031500	0	0.7361104087
201710031500	1	0.7362140772
201710031900	0	0.7286513350
201710031900	1	0.7289749402
201710032300	0	0.7509075513
201710032300	1	0.7511251394
201710040300	0	0.7528012589
201710040300	1	0.7529369031
201710040700	0	0.7234420497
201710040700	1	0.7235739113
201710041100	0	0.7361990669
201710041100	1	0.7365755543
201710041500	0	0.7347288753
201710041500	1	0.7352633581
201710041900	0	0.7295105327
201710041900	1	0.7294028240
201710042300	0	0.7413993476
201710042300	1	0.7420868481
201710050300	0	0.7620040112
201710050300	1	0.7626514214
201710050700	0	0.7403676001
201710050700	1	0.7402342122
201710051100	0	0.7412914760
201710051100	1	0.7394234051
201710051500	0	0.7386692057
201710051500	1	0.7386746801
201710051900	0	0.7441043895
201710051900	1	0.7440201414
201710052300	0	0.7646424506
201710052300	1	0.7645475604
201710060300	0	0.7705009529
201710060300	1	0.7705214163
201710060700	0	0.7553798107
201710060700	1	0.7554307133
201710061100	0	0.7614647328
201710061100	1	0.7623356353
201710061500	0	0.7532355360
201710061500	1	0.7526911907
201710061900	0	0.7481098140
201710061900	1	0.7487006059
201710062300	0	0.7656962648
201710062300	1	0.7656970518
201710070300	0	0.7737831411
201710070300	1	0.7748161790
201710070700	0	0.7553971991
201710070700	1	0.7554730983
201710071100	0	0.7603657958
201710071100	1	0.7602783059
201710071500	0	0.7485544963
201710071500	1	0.7487061610
201710071900	0	0.7491027001
201710071900	1	0.7492654730
201710072300	0	0.7620286135
201710072300	1	0.7604014676
201710080300	0	0.7752100232
201710080300	1	0.7745132078
201710080700	0	0.7499908201
201710080700	1	0.7503797830
201710081100	0	0.7581734951
201710081100	1	0.7579745596
201710081500	0	0.7545832815
201710081500	1	0.7544982423
201710081900	0	0.7517980053
201710081900	1	0.7506390055
201710082300	0	0.7634666667
201710082300	1	0.7649066420
201710090500	0	0.7466186378
201710090500	1	0.7463437423
201710091000	0	0.7544457641
201710091000	1	0.7541491362
201710091300	0	0.7554714886
201710091300	1	0.7552530986
201710091900	0	0.7425985384
201710091900	1	0.7432132903
201710100100	0	0.7725608497
201710100100	1	0.7726376676
201710100700	0	0.7498872838
201710100700	1	0.7496625645
201710101300	0	0.7454036709
201710101300	1	0.7457531404
201710101700	0	0.7517327464
201710101700	1	0.7516254665
201710102100	0	0.7419208743
201710102100	1	0.7422174348
201710110500	0	0.7403964731
201710110500	1	0.7414963003
201710110900	0	0.7630838370
201710110900	1	0.7625162027
201710111300	0	0.0000000000
201710111300	1	0.0000000000
201710111700	0	0.7456184171
201710111700	1	0.7458265514
201710112100	0	0.7377117899
201710112100	1	0.7374917739
201710120100	0	0.7675820474
201710120100	1	0.7698597080
201710120500	0	0.7396998835
201710120500	1	0.7391784327
201710120900	0	0.7639877797
201710120900	1	0.7643076826
201710121500	0	0.7422910086
201710121500	1	0.7422261636
201710160930	0	0.7464679982
201710160930	1	0.7455783996
201710161800	0	0.7401590704
201710161800	1	0.7400644006
201710170600	0	0.7274616862
201710170600	1	0.7279724090
201710171200	0	0.7450746942
201710171800	0	0.7403419722
201710180000	0	0.7654994276
201710180930	0	0.7548065436
201710181600	0	0.7460431512
201710182200	0	0.7429802501
201710190400	0	0.7454482391
201710191000	0	0.7545779881
201710191600	0	0.0000000000
201710200000	0	0.7667687777
201710200600	0	0.7306174402
201710201800	0	0.7451411274
201710210200	0	0.7655715318
201710211000	0	0.7509121570
201710211800	0	0.7444193167
201710220200	0	0.7660416686
201710221000	0	0.7549350895
201710221800	0	0.7436473937
201710230200	0	0.7640613273
201710231000	0	0.7515486010
201710231800	0	0.7447741608
201710240200	0	0.7650787804
201710241000	0	0.7561470320
201710241800	0	0.7478520774
201710250200	0	0.7682458727
201710251000	0	0.7535824690
201710251800	0	0.7444605387
201710260200	0	0.7674750175
201710261000	0	0.0000000000
201710261800	0	0.7481141397
201710270200	0	0.7665812516
201710271000	0	0.7556447212
201710271800	0	0.7469842236
201710280200	0	0.7674792833
201710281000	0	0.7487865001
201710281800	0	0.7407729227
201710290200	0	0.7670313448
201710291000	0	0.7573281191
201710291800	0	0.7452214446
201710300200	0	0.7645630552
201710301000	0	0.7570627806
201710301800	0	0.7445712933
201710310200	0	0.7646623403
201710311000	0	0.7600634369
201710311800	0	0.7502229144
201711010200	0	0.7637724132
201711011000	0	0.7531762256
201711011800	0	0.7447316563
201711020200	0	0.7627459736
201711021000	0	0.7526710353
201711021800	0	0.7470793736
201711030200	0	0.7683841353
201711031000	0	0.7499602045
201711031800	0	0.7436103937
201711040200	0	0.7719129169
201711041000	0	0.7539844376
201711041800	0	0.7414252099
201711050200	0	0.7707505505
201711051000	0	0.7528212373
201711051800	0	0.7344376176
201711060200	0	0.7597383874
201711061000	0	0.7526764249
201711061800	0	0.7412708051
201711070200	0	0.7471178176
201711071000	0	0.7533156697
201711071800	0	0.7548130018
201711080200	0	0.7692181668
201711081000	0	0.7617452835
201711081800	0	0.7576239866
201711090200	0	0.7734226842
201711091000	0	0.7628092527
201711091800	0	0.7573436018
201711100200	0	0.7658482291
201711101000	0	0.7650121514
201711101800	0	0.7520755375
201711110200	0	0.7674940381
201711111000	0	0.7515135846
201711111800	0	0.7563026810
201711120200	0	0.7777648805
201711121000	0	0.7662020312
201711121800	0	0.7484116471
201711130200	0	0.7683744222
201711131000	0	0.7610385729
201711131800	0	0.7462073466
201711140200	0	0.7652259479
201711141000	0	0.7584640542
201711141800	0	0.7447820891
201711150200	0	0.7685478826
201711151000	0	0.7602987237
201711151800	0	0.7477261827
201711160200	0	0.7644748593
201711161000	0	0.7576045559
201711161800	0	0.7481489288
201711170200	0	0.7693621441
201711171000	0	0.7570556623
201711171800	0	0.7426870985
201711180200	0	0.7684350988
201711181000	0	0.7598308761
201711181800	0	0.7452130658
201711190200	0	0.7692172313
201711191000	0	0.7574065039
201711191800	0	0.7402391732
201711200200	0	0.7633180401
201711201000	0	0.7594008211
201711201800	0	0.7444035727
201711210200	0	0.7565097729
201711211000	0	0.7542438726
201711211800	0	0.7397670426
201711220200	0	0.7610078970
201711221000	0	0.7553699589
201711221800	0	0.7484296240
201711230200	0	0.7547294865
201711231000	0	0.7478012440
201711231800	0	0.7395321816
201711240200	0	0.7598079961
201711241000	0	0.7559780517
201711241800	0	0.7430134219
201711250200	0	0.7537126628
201711251000	0	0.7512658986
201711251800	0	0.7432383932
201711260200	0	0.7578984413
201711261000	0	0.7530371041
201711261800	0	0.7492509307
201711270200	0	0.7535574468
201711271000	0	0.7524767682
201711271800	0	0.7405121097
201711280200	0	0.7549094799
201711281000	0	0.7527520453
201711281800	0	0.7400101087
201711290200	0	0.7541779879
201711291000	0	0.7487411226
201711291800	0	0.7406933471
201711281000_0	0	0.0000000000
201711281000_0	0	0.0000000000
201711281000_5	0	0.5991108359
201711281000_5	1	0.7414783015
201711281000_10	0	0.0000000000
201711281000_10	1	0.0000000000
201711281000_15	0	0.0000000000
201711281000_15	1	0.0000000000
201711281000_20	0	0.5031937575
201711281000_20	1	0.5002172517
201711281000_2	0	0.0000000000
201711281000_2	1	0.0000000000
201711281000_2	0	0.0000000000
201711281000_2	1	0.0000000000
201711281000_2	0	0.6876573966
201711281000_2	1	0.6172211912
201711281000_9	0	0.5035864823
201711281000_9	1	0.5074945766
201711281000_10	0	0.5579597325
201711281000_10	1	0.4576415760
201711281000_11	0	0.4999774418
201711281000_11	1	0.5434210726
201711281000_13	0	0.6710164247
201711281000_13	1	0.5011203378
201711281000_15	0	0.5567457132
201711281000_15	1	0.4883614636
201711281000_16	0	0.5000000256
201711281000_16	1	0.5127252467
201711281000_18	0	0.7032433736
201711281000_18	1	0.5171083555
201711281000_20	0	0.6949347648
201711281000_20	1	0.5026125073
201711281000_21	0	0.4559238177
201711281000_21	1	0.4881762620
201711281000_22	0	0.6768560014
201711281000_22	1	0.4671838790
201711281000_24	0	0.6557169919
201711281000_24	1	0.4659948449
201711281000_26	0	0.6793141211
201711281000_26	1	0.5006283356
201711281000_28	0	0.5019767637
201711281000_28	1	0.5166804553
201711281000_29	0	0.5196109832
201711281000_29	1	0.4578038121
201711281000_30	0	0.4914963066
201711281000_30	1	0.4510716716
201711281000_31	0	0.6932137370
201711281000_31	1	0.4354203924
201711281000_33	0	0.6533365030
201711281000_33	1	0.5161443471
201711281000_35	0	0.6497990336
201711281000_35	1	0.4469054554
201711281000_37	0	0.6941572565
201711281000_37	1	0.5231686705
201711281000_38	0	0.6785188100
201711281000_38	1	0.4977931037
201711281000_40	0	0.6732427768
201711281000_40	1	0.4960185485
201711281000_42	0	0.6738942077
201711281000_42	1	0.4549010726
201711281000_44	0	0.6870148496
201711281000_44	1	0.4322477964
201711281000_46	0	0.6851632187
201711281000_46	1	0.5183817037
201711281000_48	0	0.7017691353
201711281000_48	1	0.5068421219
201711281000_50	0	0.5052507152
201711281000_50	1	0.4577856465
201711281000_1	0	0.6594245665
201711281000_1	1	0.4736840413
201711281000_7	0	0.6262921033
201711281000_7	1	0.4663546858
201711281000_8	0	0.6523909472
201711281000_8	1	0.4705860338
201711281000_12	0	0.7003486228
201711281000_12	1	0.4796472814
201711281000_14	0	0.6658775615
201711281000_14	1	0.4770155699
201711281000_17	0	0.6805640085
201711281000_17	1	0.5550471480
201711281000_19	0	0.6997652548
201711281000_19	1	0.4753462696
201711281000_23	0	0.6540342143
201711281000_23	1	0.5675641851
201711281000_25	0	0.6905802786
201711281000_25	1	0.5022997048
201711281000_27	0	0.4716484968
201711281000_27	1	0.5219673756
201711281000_32	0	0.4758547960
201711281000_32	1	0.5080213351
201711281000_34	0	0.4872990755
201711281000_34	1	0.5352506424
201711281000_36	0	0.5003306773
201711281000_36	1	0.5425022536
201711281000_39	0	0.7090001253
201711281000_39	1	0.5538582036
201711281000_41	0	0.5263881398
201711281000_41	1	0.5783032624
201711281000_43	0	0.6441081800
201711281000_43	1	0.4719497125
201711281000_45	0	0.6179526414
201711281000_45	1	0.5048523472
201711281000_47	0	0.6633479854
201711281000_47	1	0.5020987659
201711281000_49	0	0.6842073160
201711281000_49	1	0.5061739552
201711281000_1	0	0.6692937313
201711281000_1	1	0.4736830400
201711281000_2	0	0.6969769292
201711281000_2	1	0.6172218105
201711281000_3	0	0.6604988447
201711281000_3	1	0.5172260545
201711281000_4	0	0.6733589871
201711281000_4	1	0.5462402764
201711281000_5	0	0.4680826744
201711281000_5	1	0.4940252904
201711281000_6	0	0.7042564564
201711281000_6	1	0.4873270547
201711281000_7	0	0.5473745712
201711281000_7	1	0.4663558117
201711281000_8	0	0.6896397779
201711281000_8	1	0.4705860338
201711281000_9	0	0.5453098598
201711281000_9	1	0.5075344001
201711281000_10	0	0.6368728185
201711281000_10	1	0.4576707081
201711281000_11	0	0.5181143086
201711281000_11	1	0.5434300015
201711281000_12	0	0.6779960160
201711281000_12	1	0.4798877400
201711281000_13	0	0.6880686169
201711281000_13	1	0.5011169508
201711281000_14	0	0.4887700195
201711281000_14	1	0.4771428293
201711281000_15	0	0.5061691571
201711281000_15	1	0.4883532026
201711281000_16	0	0.6877002062
201711281000_16	1	0.5127253864
201711281000_17	0	0.4776903687
201711281000_17	1	0.5549384938
201711281000_18	0	0.6801032584
201711281000_18	1	0.5173128470
201711281000_19	0	0.6722669759
201711281000_19	1	0.4753464476
201711281000_20	0	0.7016140177
201711281000_20	1	0.5026140879
201711281000_21	0	0.6748846907
201711281000_21	1	0.4881845820
201711281000_22	0	0.5242558714
201711281000_22	1	0.4669157392
201711281000_23	0	0.6682897745
201711281000_23	1	0.5675585443
201711281000_24	0	0.6987338375
201711281000_24	1	0.4660116649
201711281000_25	0	0.6147867433
201711281000_25	1	0.5023016115
201711281000_26	0	0.4505201852
201711281000_26	1	0.5006282108
201711281000_27	0	0.7063586026
201711281000_27	1	0.5219771110
201711281000_28	0	0.6748031220
201711281000_28	1	0.5166583368
201711281000_29	0	0.5276313177
201711281000_29	1	0.4578024474
201711281000_30	0	0.4532629388
201711281000_30	1	0.4510720804
201711281000_31	0	0.6880792618
201711281000_31	1	0.4354200059
201711281000_32	0	0.7079384926
201711281000_32	1	0.5079014998
201711281000_33	0	0.4801101358
201711281000_33	1	0.5161444067
201711281000_34	0	0.6944803628
201711281000_34	1	0.5352161506
201711281000_35	0	0.5473092317
201711281000_35	1	0.4469059567
201711281000_36	0	0.5545515348
201711281000_36	1	0.5425043002
201711281000_37	0	0.6923153124
201711281000_37	1	0.5231684991
201711281000_38	0	0.6817585870
201711281000_38	1	0.4969713251
201711281000_39	0	0.4788181871
201711281000_39	1	0.5538316296
201711281000_40	0	0.4750473610
201711281000_40	1	0.4961931096
201711281000_41	0	0.7025884898
201711281000_41	1	0.5782405139
201711281000_42	0	0.6655411135
201711281000_42	1	0.4549658331
201711281000_43	0	0.6959998182
201711281000_43	1	0.4718304469
201711281000_44	0	0.6868442037
201711281000_44	1	0.4322996491
201711281000_45	0	0.6924063454
201711281000_45	1	0.5049212904
201711281000_46	0	0.6716928939
201711281000_46	1	0.5182892500
201711281000_47	0	0.4358109204
201711281000_47	1	0.5020784092
201711281000_48	0	0.5433746615
201711281000_48	1	0.5068733647
201711281000_49	0	0.6840823846
201711281000_49	1	0.5061839705
201711281000_50	0	0.6838536518
201711281000_50	1	0.4577837177
